0.000000000000000000e+00 0.000000000000000000e+00 5.000040322905829893e-02
0.000000000000000000e+00 0.000000000000000000e+00 1.999981566671620581e-01
0.000000000000000000e+00 0.000000000000000000e+00 2.999999999999999889e-01
0.000000000000000000e+00 0.000000000000000000e+00 3.999997695833952260e-01
0.000000000000000000e+00 0.000000000000000000e+00 6.000013824996284217e-01
0.000000000000000000e+00 0.000000000000000000e+00 7.999983870837668043e-01
0.000000000000000000e+00 0.000000000000000000e+00 8.999991935418834021e-01
0.000000000000000000e+00 0.000000000000000000e+00 1.000000000000000000e+00
0.000000000000000000e+00 6.095999999999999197e-01 5.000000000000000278e-02
0.000000000000000000e+00 6.095999999999999197e-01 2.000000000000000111e-01
0.000000000000000000e+00 6.096000000000000307e-01 2.999999999999999889e-01
0.000000000000000000e+00 6.095999999999999197e-01 4.000000000000000222e-01
0.000000000000000000e+00 6.095999999999999197e-01 5.999963550652444022e-01
0.000000000000000000e+00 6.095999999999999197e-01 7.999987850217480378e-01
0.000000000000000000e+00 6.095999999999999197e-01 9.000097198260150755e-01
0.000000000000000000e+00 6.095999999999999197e-01 1.000000000000000000e+00
0.000000000000000000e+00 1.523999999999999799e+00 5.000052783539980783e-02
0.000000000000000000e+00 1.523999999999999799e+00 1.999981525761006795e-01
0.000000000000000000e+00 1.524000000000000021e+00 2.999999999999999889e-01
0.000000000000000000e+00 1.523999999999999799e+00 4.000002639176999386e-01
0.000000000000000000e+00 1.523999999999999799e+00 5.999997360823000614e-01
0.000000000000000000e+00 1.523999999999999799e+00 8.000031670123988192e-01
0.000000000000000000e+00 1.523999999999999799e+00 8.999989443292004676e-01
0.000000000000000000e+00 1.523999999999999799e+00 1.000000000000000000e+00
0.000000000000000000e+00 3.047999999999999599e+00 4.999908418199135174e-02
0.000000000000000000e+00 3.047999999999999599e+00 1.999963367279654070e-01
0.000000000000000000e+00 3.048000000000000043e+00 2.999999999999999889e-01
0.000000000000000000e+00 3.047999999999999599e+00 4.000003052726695540e-01
0.000000000000000000e+00 3.047999999999999599e+00 5.999996947273305015e-01
0.000000000000000000e+00 3.047999999999999599e+00 7.999990841819913934e-01
0.000000000000000000e+00 3.047999999999999599e+00 8.999911470925830992e-01
0.000000000000000000e+00 3.047999999999999599e+00 1.000000000000000000e+00
0.000000000000000000e+00 4.572000000000000064e+00 5.000109788580974629e-02
0.000000000000000000e+00 4.572000000000000064e+00 1.999993243779632501e-01
0.000000000000000000e+00 4.572000000000000064e+00 2.999999999999999889e-01
0.000000000000000000e+00 4.572000000000000064e+00 4.000003378110184027e-01
0.000000000000000000e+00 4.572000000000000064e+00 5.999996621889817083e-01
0.000000000000000000e+00 4.572000000000000064e+00 8.000006756220368054e-01
0.000000000000000000e+00 4.572000000000000064e+00 9.000011823385644094e-01
0.000000000000000000e+00 4.572000000000000064e+00 1.000000000000000000e+00
0.000000000000000000e+00 6.095999999999999197e+00 4.999999999999999584e-02
0.000000000000000000e+00 6.095999999999999197e+00 1.999999999999999833e-01
0.000000000000000000e+00 6.096000000000000085e+00 2.999999999999999889e-01
0.000000000000000000e+00 6.095999999999999197e+00 3.999979960723017425e-01
0.000000000000000000e+00 6.095999999999999197e+00 5.999979960723016426e-01
0.000000000000000000e+00 6.095999999999999197e+00 7.999999999999999334e-01
0.000000000000000000e+00 6.095999999999999197e+00 8.999959921446033517e-01
0.000000000000000000e+00 6.095999999999999197e+00 1.000000000000000000e+00
0.000000000000000000e+00 7.619999999999999218e+00 5.000012347538765334e-02
0.000000000000000000e+00 7.619999999999999218e+00 2.000004939015506134e-01
0.000000000000000000e+00 7.620000000000000107e+00 2.999999999999999889e-01
0.000000000000000000e+00 7.619999999999999218e+00 4.000009878031012267e-01
0.000000000000000000e+00 7.619999999999999218e+00 6.000064207201577515e-01
0.000000000000000000e+00 7.619999999999999218e+00 7.999995060984493866e-01
0.000000000000000000e+00 7.619999999999999218e+00 9.000022225569777046e-01
0.000000000000000000e+00 7.619999999999999218e+00 1.000000000000000000e+00
0.000000000000000000e+00 9.144000000000000128e+00 5.000231592274081288e-02
0.000000000000000000e+00 9.144000000000000128e+00 1.999999999999999833e-01
0.000000000000000000e+00 9.144000000000000128e+00 2.999999999999999889e-01
0.000000000000000000e+00 9.144000000000000128e+00 3.999999999999999667e-01
0.000000000000000000e+00 9.144000000000000128e+00 6.000061757939755269e-01
0.000000000000000000e+00 9.144000000000000128e+00 7.999999999999999334e-01
0.000000000000000000e+00 9.144000000000000128e+00 9.000015439484938540e-01
0.000000000000000000e+00 9.144000000000000128e+00 1.000000000000000000e+00
0.000000000000000000e+00 1.066799999999999926e+01 5.000019499335071893e-02
0.000000000000000000e+00 1.066799999999999926e+01 2.000007799734028757e-01
0.000000000000000000e+00 1.066799999999999926e+01 2.999999999999999889e-01
0.000000000000000000e+00 1.066799999999999926e+01 4.000015599468057514e-01
0.000000000000000000e+00 1.066799999999999926e+01 6.000023399202086827e-01
0.000000000000000000e+00 1.066799999999999926e+01 8.000031198936115029e-01
0.000000000000000000e+00 1.066799999999999926e+01 9.000152094813566039e-01
0.000000000000000000e+00 1.066799999999999926e+01 1.000000000000000000e+00
0.000000000000000000e+00 1.188719999999999999e+01 5.000212694556437770e-02
0.000000000000000000e+00 1.188719999999999999e+01 1.999990546908602673e-01
0.000000000000000000e+00 1.188719999999999999e+01 2.999999999999999889e-01
0.000000000000000000e+00 1.188719999999999999e+01 3.999981093817205346e-01
0.000000000000000000e+00 1.188719999999999999e+01 5.999971640725808575e-01
0.000000000000000000e+00 1.188719999999999999e+01 8.000009453091397882e-01
0.000000000000000000e+00 1.188719999999999999e+01 9.000004726545699496e-01
0.000000000000000000e+00 1.188719999999999999e+01 1.000000000000000000e+00
0.000000000000000000e+00 1.310639999999999894e+01 5.000028646892671486e-02
0.000000000000000000e+00 1.310639999999999894e+01 2.000011458757068594e-01
0.000000000000000000e+00 1.310640000000000072e+01 2.999999999999999889e-01
0.000000000000000000e+00 1.310639999999999894e+01 3.999965623728793940e-01
0.000000000000000000e+00 1.310639999999999894e+01 6.000034376271204950e-01
0.000000000000000000e+00 1.310639999999999894e+01 8.000045835028274377e-01
0.000000000000000000e+00 1.310639999999999894e+01 9.000051564406807980e-01
0.000000000000000000e+00 1.310639999999999894e+01 1.000000000000000000e+00
1.000000000000000056e-01 0.000000000000000000e+00 4.999857328515359967e-02
1.000000000000000056e-01 0.000000000000000000e+00 2.000007782080980290e-01
1.000000000000000056e-01 0.000000000000000000e+00 2.999999999999999889e-01
1.000000000000000056e-01 0.000000000000000000e+00 4.000002594026992875e-01
1.000000000000000056e-01 0.000000000000000000e+00 6.000010376107972609e-01
1.000000000000000056e-01 0.000000000000000000e+00 7.999966277649084301e-01
1.000000000000000056e-01 0.000000000000000000e+00 8.999885862812287973e-01
1.000000000000000056e-01 0.000000000000000000e+00 1.000000000000000000e+00
1.000000000000000056e-01 6.095999999999999197e-01 5.000082002164856626e-02
1.000000000000000056e-01 6.095999999999999197e-01 2.000005466810990395e-01
1.000000000000000056e-01 6.096000000000000307e-01 2.999999999999999889e-01
1.000000000000000056e-01 6.095999999999999197e-01 3.999997266594503831e-01
1.000000000000000056e-01 6.095999999999999197e-01 5.999934398268114144e-01
1.000000000000000056e-01 6.095999999999999197e-01 8.000008200216486287e-01
1.000000000000000056e-01 6.095999999999999197e-01 9.000010933621980236e-01
1.000000000000000056e-01 6.095999999999999197e-01 1.000000000000000000e+00
1.000000000000000056e-01 1.523999999999999799e+00 5.000044452742290202e-02
1.000000000000000056e-01 1.523999999999999799e+00 2.000002963516152865e-01
1.000000000000000056e-01 1.524000000000000021e+00 2.999999999999999889e-01
1.000000000000000056e-01 1.523999999999999799e+00 3.999991109451542237e-01
1.000000000000000056e-01 1.523999999999999799e+00 6.000008890548458318e-01
1.000000000000000056e-01 1.523999999999999799e+00 8.000011854064611461e-01
1.000000000000000056e-01 1.523999999999999799e+00 9.000005927032306285e-01
1.000000000000000056e-01 1.523999999999999799e+00 1.000000000000000000e+00
1.000000000000000056e-01 3.047999999999999599e+00 5.000000000000000971e-02
1.000000000000000056e-01 3.047999999999999599e+00 2.000000000000000111e-01
1.000000000000000056e-01 3.048000000000000043e+00 2.999999999999999889e-01
1.000000000000000056e-01 3.047999999999999599e+00 4.000000000000000222e-01
1.000000000000000056e-01 3.047999999999999599e+00 5.999982908904460954e-01
1.000000000000000056e-01 3.047999999999999599e+00 8.000017091095540378e-01
1.000000000000000056e-01 3.047999999999999599e+00 9.000051273286616693e-01
1.000000000000000056e-01 3.047999999999999599e+00 1.000000000000000000e+00
1.000000000000000056e-01 4.572000000000000064e+00 5.000000000000000278e-02
1.000000000000000056e-01 4.572000000000000064e+00 1.999999999999999833e-01
1.000000000000000056e-01 4.572000000000000064e+00 2.999999999999999889e-01
1.000000000000000056e-01 4.572000000000000064e+00 3.999981200887318122e-01
1.000000000000000056e-01 4.572000000000000064e+00 5.999999999999999778e-01
1.000000000000000056e-01 4.572000000000000064e+00 8.000075196450727733e-01
1.000000000000000056e-01 4.572000000000000064e+00 8.999981200887318122e-01
1.000000000000000056e-01 4.572000000000000064e+00 1.000000000000000000e+00
1.000000000000000056e-01 6.095999999999999197e+00 4.999977739291485562e-02
1.000000000000000056e-01 6.095999999999999197e+00 1.999991095716594502e-01
1.000000000000000056e-01 6.096000000000000085e+00 2.999999999999999889e-01
1.000000000000000056e-01 6.095999999999999197e+00 4.000004452141702749e-01
1.000000000000000056e-01 6.095999999999999197e+00 5.999995547858296696e-01
1.000000000000000056e-01 6.095999999999999197e+00 8.000320554202597911e-01
1.000000000000000056e-01 6.095999999999999197e+00 9.000004452141702194e-01
1.000000000000000056e-01 6.095999999999999197e+00 1.000000000000000000e+00
1.000000000000000056e-01 7.619999999999999218e+00 4.999986311158322039e-02
1.000000000000000056e-01 7.619999999999999218e+00 1.999967146779973448e-01
1.000000000000000056e-01 7.620000000000000107e+00 2.999999999999999889e-01
1.000000000000000056e-01 7.619999999999999218e+00 3.999989048926657076e-01
1.000000000000000056e-01 7.619999999999999218e+00 5.999983573389985336e-01
1.000000000000000056e-01 7.619999999999999218e+00 8.000032853220023776e-01
1.000000000000000056e-01 7.619999999999999218e+00 8.999975360084979670e-01
1.000000000000000056e-01 7.619999999999999218e+00 1.000000000000000000e+00
1.000000000000000056e-01 9.144000000000000128e+00 5.000000000000000971e-02
1.000000000000000056e-01 9.144000000000000128e+00 2.000000000000000389e-01
1.000000000000000056e-01 9.144000000000000128e+00 2.999999999999999889e-01
1.000000000000000056e-01 9.144000000000000128e+00 3.999897288414134278e-01
1.000000000000000056e-01 9.144000000000000128e+00 5.999965762804712055e-01
1.000000000000000056e-01 9.144000000000000128e+00 7.999931525609422778e-01
1.000000000000000056e-01 9.144000000000000128e+00 9.000000000000000222e-01
1.000000000000000056e-01 9.144000000000000128e+00 1.000000000000000000e+00
1.000000000000000056e-01 1.066799999999999926e+01 5.000086484242571155e-02
1.000000000000000056e-01 1.066799999999999926e+01 1.999991351575742815e-01
1.000000000000000056e-01 1.066799999999999926e+01 2.999999999999999889e-01
1.000000000000000056e-01 1.066799999999999926e+01 3.999982703151485075e-01
1.000000000000000056e-01 1.066799999999999926e+01 5.999930812605942521e-01
1.000000000000000056e-01 1.066799999999999926e+01 8.000008648424256075e-01
1.000000000000000056e-01 1.066799999999999926e+01 9.000025945272771555e-01
1.000000000000000056e-01 1.066799999999999926e+01 1.000000000000000000e+00
1.000000000000000056e-01 1.188719999999999999e+01 5.000131030687386680e-02
1.000000000000000056e-01 1.188719999999999999e+01 1.999999999999999833e-01
1.000000000000000056e-01 1.188719999999999999e+01 2.999999999999999889e-01
1.000000000000000056e-01 1.188719999999999999e+01 4.000000000000000777e-01
1.000000000000000056e-01 1.188719999999999999e+01 6.000000000000000888e-01
1.000000000000000056e-01 1.188719999999999999e+01 7.999947587725044773e-01
1.000000000000000056e-01 1.188719999999999999e+01 8.999973793862522387e-01
1.000000000000000056e-01 1.188719999999999999e+01 1.000000000000000000e+00
1.000000000000000056e-01 1.310639999999999894e+01 4.999459964294109687e-02
1.000000000000000056e-01 1.310639999999999894e+01 1.999974586555017531e-01
1.000000000000000056e-01 1.310640000000000072e+01 2.999999999999999889e-01
1.000000000000000056e-01 1.310639999999999894e+01 4.000012706722491651e-01
1.000000000000000056e-01 1.310639999999999894e+01 5.999987293277510014e-01
1.000000000000000056e-01 1.310639999999999894e+01 8.000025413444984412e-01
1.000000000000000056e-01 1.310639999999999894e+01 8.999980939916263356e-01
1.000000000000000056e-01 1.310639999999999894e+01 1.000000000000000000e+00
2.000000000000000111e-01 0.000000000000000000e+00 5.000007211687550190e-02
2.000000000000000111e-01 0.000000000000000000e+00 1.999988461299921361e-01
2.000000000000000111e-01 0.000000000000000000e+00 2.999999999999999889e-01
2.000000000000000111e-01 0.000000000000000000e+00 3.999991345974941992e-01
2.000000000000000111e-01 0.000000000000000000e+00 6.000008654025060784e-01
2.000000000000000111e-01 0.000000000000000000e+00 7.999997115324980479e-01
2.000000000000000111e-01 0.000000000000000000e+00 8.999998557662490795e-01
2.000000000000000111e-01 0.000000000000000000e+00 1.000000000000000000e+00
2.000000000000000111e-01 6.095999999999999197e-01 4.999931591084952331e-02
2.000000000000000111e-01 6.095999999999999197e-01 2.000003040396224618e-01
2.000000000000000111e-01 6.096000000000000307e-01 2.999999999999999889e-01
2.000000000000000111e-01 6.095999999999999197e-01 4.000006080792449237e-01
2.000000000000000111e-01 6.095999999999999197e-01 5.999978717226428504e-01
2.000000000000000111e-01 6.095999999999999197e-01 7.999981757622655065e-01
2.000000000000000111e-01 6.095999999999999197e-01 9.000044085745255718e-01
2.000000000000000111e-01 6.095999999999999197e-01 1.000000000000000000e+00
2.000000000000000111e-01 1.523999999999999799e+00 4.999917759099955367e-02
2.000000000000000111e-01 1.523999999999999799e+00 2.000000000000000111e-01
2.000000000000000111e-01 1.524000000000000021e+00 2.999999999999999889e-01
2.000000000000000111e-01 1.523999999999999799e+00 3.999999999999999667e-01
2.000000000000000111e-01 1.523999999999999799e+00 5.999999999999998668e-01
2.000000000000000111e-01 1.523999999999999799e+00 7.999967103639981092e-01
2.000000000000000111e-01 1.523999999999999799e+00 8.999999999999999112e-01
2.000000000000000111e-01 1.523999999999999799e+00 1.000000000000000000e+00
2.000000000000000111e-01 3.047999999999999599e+00 5.000018913674208337e-02
2.000000000000000111e-01 3.047999999999999599e+00 2.000007565469683335e-01
2.000000000000000111e-01 3.048000000000000043e+00 2.999999999999999889e-01
2.000000000000000111e-01 3.047999999999999599e+00 3.999996217265158194e-01
2.000000000000000111e-01 3.047999999999999599e+00 6.000003782734840696e-01
2.000000000000000111e-01 3.047999999999999599e+00 7.999992434530315277e-01
2.000000000000000111e-01 3.047999999999999599e+00 9.000109699310407940e-01
2.000000000000000111e-01 3.047999999999999599e+00 1.000000000000000000e+00
2.000000000000000111e-01 4.572000000000000064e+00 5.000072318083861184e-02
2.000000000000000111e-01 4.572000000000000064e+00 2.000008264923869572e-01
2.000000000000000111e-01 4.572000000000000064e+00 2.999999999999999889e-01
2.000000000000000111e-01 4.572000000000000064e+00 4.000016529847739144e-01
2.000000000000000111e-01 4.572000000000000064e+00 6.000004132461934647e-01
2.000000000000000111e-01 4.572000000000000064e+00 8.000033059695478288e-01
2.000000000000000111e-01 4.572000000000000064e+00 9.000068185621923345e-01
2.000000000000000111e-01 4.572000000000000064e+00 1.000000000000000000e+00
2.000000000000000111e-01 6.095999999999999197e+00 4.999975581287453147e-02
2.000000000000000111e-01 6.095999999999999197e+00 2.000014651227528806e-01
2.000000000000000111e-01 6.096000000000000085e+00 2.999999999999999889e-01
2.000000000000000111e-01 6.095999999999999197e+00 4.000004883742510065e-01
2.000000000000000111e-01 6.095999999999999197e+00 6.000019534970039148e-01
2.000000000000000111e-01 6.095999999999999197e+00 8.000302792035592914e-01
2.000000000000000111e-01 6.095999999999999197e+00 8.999931627604867979e-01
2.000000000000000111e-01 6.095999999999999197e+00 1.000000000000000000e+00
2.000000000000000111e-01 7.619999999999999218e+00 5.000134339987639953e-02
2.000000000000000111e-01 7.619999999999999218e+00 1.999994029333882484e-01
2.000000000000000111e-01 7.620000000000000107e+00 2.999999999999999889e-01
2.000000000000000111e-01 7.619999999999999218e+00 3.999988058667764967e-01
2.000000000000000111e-01 7.619999999999999218e+00 6.000041794662822614e-01
2.000000000000000111e-01 7.619999999999999218e+00 8.000005970666118627e-01
2.000000000000000111e-01 7.619999999999999218e+00 9.000032838663647450e-01
2.000000000000000111e-01 7.619999999999999218e+00 1.000000000000000000e+00
2.000000000000000111e-01 9.144000000000000128e+00 5.000280033604032059e-02
2.000000000000000111e-01 9.144000000000000128e+00 2.000000000000000111e-01
2.000000000000000111e-01 9.144000000000000128e+00 2.999999999999999889e-01
2.000000000000000111e-01 9.144000000000000128e+00 4.000000000000000222e-01
2.000000000000000111e-01 9.144000000000000128e+00 5.999999999999999778e-01
2.000000000000000111e-01 9.144000000000000128e+00 8.000037337813870053e-01
2.000000000000000111e-01 9.144000000000000128e+00 9.000018668906936137e-01
2.000000000000000111e-01 9.144000000000000128e+00 1.000000000000000000e+00
2.000000000000000111e-01 1.066799999999999926e+01 4.999976417430350428e-02
2.000000000000000111e-01 1.066799999999999926e+01 1.999990566972139616e-01
2.000000000000000111e-01 1.066799999999999926e+01 2.999999999999999889e-01
2.000000000000000111e-01 1.066799999999999926e+01 3.999981133944278122e-01
2.000000000000000111e-01 1.066799999999999926e+01 5.999971700916417738e-01
2.000000000000000111e-01 1.066799999999999926e+01 8.000009433027858163e-01
2.000000000000000111e-01 1.066799999999999926e+01 8.999957551374626608e-01
2.000000000000000111e-01 1.066799999999999926e+01 1.000000000000000000e+00
2.000000000000000111e-01 1.188719999999999999e+01 5.000057169645203553e-02
2.000000000000000111e-01 1.188719999999999999e+01 2.000022867858081699e-01
2.000000000000000111e-01 1.188719999999999999e+01 2.999999999999999889e-01
2.000000000000000111e-01 1.188719999999999999e+01 3.999988566070958318e-01
2.000000000000000111e-01 1.188719999999999999e+01 6.000011433929040017e-01
2.000000000000000111e-01 1.188719999999999999e+01 8.000377319658353859e-01
2.000000000000000111e-01 1.188719999999999999e+01 8.999988566070956653e-01
2.000000000000000111e-01 1.188719999999999999e+01 1.000000000000000000e+00
2.000000000000000111e-01 1.310639999999999894e+01 5.000138603980706226e-02
2.000000000000000111e-01 1.310639999999999894e+01 1.999986139601929169e-01
2.000000000000000111e-01 1.310640000000000072e+01 2.999999999999999889e-01
2.000000000000000111e-01 1.310639999999999894e+01 4.000041581194211382e-01
2.000000000000000111e-01 1.310639999999999894e+01 6.000027720796140551e-01
2.000000000000000111e-01 1.310639999999999894e+01 8.000360370349837158e-01
2.000000000000000111e-01 1.310639999999999894e+01 8.999972279203858339e-01
2.000000000000000111e-01 1.310639999999999894e+01 1.000000000000000000e+00
2.999999999999999889e-01 0.000000000000000000e+00 5.000174903564535284e-02
2.999999999999999889e-01 0.000000000000000000e+00 2.000006360129618910e-01
2.999999999999999889e-01 0.000000000000000000e+00 2.999999999999999889e-01
2.999999999999999889e-01 0.000000000000000000e+00 4.000012720259237819e-01
2.999999999999999889e-01 0.000000000000000000e+00 5.999971379416710882e-01
2.999999999999999889e-01 0.000000000000000000e+00 7.999993639870380813e-01
2.999999999999999889e-01 0.000000000000000000e+00 9.000028620583288008e-01
2.999999999999999889e-01 0.000000000000000000e+00 1.000000000000000000e+00
2.999999999999999889e-01 6.095999999999999197e-01 5.000142487632910915e-02
2.999999999999999889e-01 6.095999999999999197e-01 1.999989942049441582e-01
2.999999999999999889e-01 6.096000000000000307e-01 2.999999999999999889e-01
2.999999999999999889e-01 6.095999999999999197e-01 3.999979884098883720e-01
2.999999999999999889e-01 6.095999999999999197e-01 5.999969826148323637e-01
2.999999999999999889e-01 6.095999999999999197e-01 7.999976531448697026e-01
2.999999999999999889e-01 6.095999999999999197e-01 9.000005028975279764e-01
2.999999999999999889e-01 6.095999999999999197e-01 1.000000000000000000e+00
2.999999999999999889e-01 1.523999999999999799e+00 5.000181159420289539e-02
2.999999999999999889e-01 1.523999999999999799e+00 1.999981884057970283e-01
2.999999999999999889e-01 1.524000000000000021e+00 2.999999999999999889e-01
2.999999999999999889e-01 1.523999999999999799e+00 3.999999999999998557e-01
2.999999999999999889e-01 1.523999999999999799e+00 5.999999999999998668e-01
2.999999999999999889e-01 1.523999999999999799e+00 7.999891304347824805e-01
2.999999999999999889e-01 1.523999999999999799e+00 9.000054347826086376e-01
2.999999999999999889e-01 1.523999999999999799e+00 1.000000000000000000e+00
2.999999999999999889e-01 3.047999999999999599e+00 5.000000000000000278e-02
2.999999999999999889e-01 3.047999999999999599e+00 1.999979248806806331e-01
2.999999999999999889e-01 3.048000000000000043e+00 2.999999999999999889e-01
2.999999999999999889e-01 3.047999999999999599e+00 3.999979248806806442e-01
2.999999999999999889e-01 3.047999999999999599e+00 5.999958497613613329e-01
2.999999999999999889e-01 3.047999999999999599e+00 7.999937746420419105e-01
2.999999999999999889e-01 3.047999999999999599e+00 9.000020751193192892e-01
2.999999999999999889e-01 3.047999999999999599e+00 1.000000000000000000e+00
2.999999999999999889e-01 4.572000000000000064e+00 4.999887653072689758e-02
2.999999999999999889e-01 4.572000000000000064e+00 2.000000000000000111e-01
2.999999999999999889e-01 4.572000000000000064e+00 2.999999999999999889e-01
2.999999999999999889e-01 4.572000000000000064e+00 3.999999999999999112e-01
2.999999999999999889e-01 4.572000000000000064e+00 6.000022469385462021e-01
2.999999999999999889e-01 4.572000000000000064e+00 7.999977530614538201e-01
2.999999999999999889e-01 4.572000000000000064e+00 9.000022469385462465e-01
2.999999999999999889e-01 4.572000000000000064e+00 1.000000000000000000e+00
2.999999999999999889e-01 6.095999999999999197e+00 5.000238447231628719e-02
2.999999999999999889e-01 6.095999999999999197e+00 2.000015896482107980e-01
2.999999999999999889e-01 6.096000000000000085e+00 2.999999999999999889e-01
2.999999999999999889e-01 6.095999999999999197e+00 4.000031792964217625e-01
2.999999999999999889e-01 6.095999999999999197e+00 5.999968207035782930e-01
2.999999999999999889e-01 6.095999999999999197e+00 8.000037091791587507e-01
2.999999999999999889e-01 6.095999999999999197e+00 8.999978804690521583e-01
2.999999999999999889e-01 6.095999999999999197e+00 1.000000000000000000e+00
2.999999999999999889e-01 7.619999999999999218e+00 4.999919873078956245e-02
2.999999999999999889e-01 7.619999999999999218e+00 1.999999999999999833e-01
2.999999999999999889e-01 7.620000000000000107e+00 2.999999999999999889e-01
2.999999999999999889e-01 7.619999999999999218e+00 3.999967949231582054e-01
2.999999999999999889e-01 7.619999999999999218e+00 5.999999999999999778e-01
2.999999999999999889e-01 7.619999999999999218e+00 8.000064101536833450e-01
2.999999999999999889e-01 7.619999999999999218e+00 8.999759619236871178e-01
2.999999999999999889e-01 7.619999999999999218e+00 1.000000000000000000e+00
2.999999999999999889e-01 9.144000000000000128e+00 5.000080187317575836e-02
2.999999999999999889e-01 9.144000000000000128e+00 1.999991981268242347e-01
2.999999999999999889e-01 9.144000000000000128e+00 2.999999999999999889e-01
2.999999999999999889e-01 9.144000000000000128e+00 3.999983962536484694e-01
2.999999999999999889e-01 9.144000000000000128e+00 5.999975943804728429e-01
2.999999999999999889e-01 9.144000000000000128e+00 8.000008018731759041e-01
2.999999999999999889e-01 9.144000000000000128e+00 8.999863681560124062e-01
2.999999999999999889e-01 9.144000000000000128e+00 1.000000000000000000e+00
2.999999999999999889e-01 1.066799999999999926e+01 5.000177293288691344e-02
2.999999999999999889e-01 1.066799999999999926e+01 2.000020262090136114e-01
2.999999999999999889e-01 1.066799999999999926e+01 2.999999999999999889e-01
2.999999999999999889e-01 1.066799999999999926e+01 3.999989868954932914e-01
2.999999999999999889e-01 1.066799999999999926e+01 6.000010131045068196e-01
2.999999999999999889e-01 1.066799999999999926e+01 8.000030393135204587e-01
2.999999999999999889e-01 1.066799999999999926e+01 9.000015196567602294e-01
2.999999999999999889e-01 1.066799999999999926e+01 1.000000000000000000e+00
2.999999999999999889e-01 1.188719999999999999e+01 5.000337736185055809e-02
2.999999999999999889e-01 1.188719999999999999e+01 2.000012281315819984e-01
2.999999999999999889e-01 1.188719999999999999e+01 2.999999999999999889e-01
2.999999999999999889e-01 1.188719999999999999e+01 4.000024562631639968e-01
2.999999999999999889e-01 1.188719999999999999e+01 5.999975437368358921e-01
2.999999999999999889e-01 1.188719999999999999e+01 8.000110531842381523e-01
2.999999999999999889e-01 1.188719999999999999e+01 9.000116672500291237e-01
2.999999999999999889e-01 1.188719999999999999e+01 1.000000000000000000e+00
2.999999999999999889e-01 1.310639999999999894e+01 4.999553345442633856e-02
2.999999999999999889e-01 1.310639999999999894e+01 1.999970223029509109e-01
2.999999999999999889e-01 1.310640000000000072e+01 2.999999999999999889e-01
2.999999999999999889e-01 1.310639999999999894e+01 4.000014888485245446e-01
2.999999999999999889e-01 1.310639999999999894e+01 5.999985111514753999e-01
2.999999999999999889e-01 1.310639999999999894e+01 8.000104219396717564e-01
2.999999999999999889e-01 1.310639999999999894e+01 9.000089330911473784e-01
2.999999999999999889e-01 1.310639999999999894e+01 1.000000000000000000e+00
4.000000000000000222e-01 0.000000000000000000e+00 4.999904826342687486e-02
4.000000000000000222e-01 0.000000000000000000e+00 2.000013843441064698e-01
4.000000000000000222e-01 0.000000000000000000e+00 2.999999999999999889e-01
4.000000000000000222e-01 0.000000000000000000e+00 3.999993078279468484e-01
4.000000000000000222e-01 0.000000000000000000e+00 6.000006921720532072e-01
4.000000000000000222e-01 0.000000000000000000e+00 8.000020765161596215e-01
4.000000000000000222e-01 0.000000000000000000e+00 8.999984426128805337e-01
4.000000000000000222e-01 0.000000000000000000e+00 1.000000000000000000e+00
4.000000000000000222e-01 6.095999999999999197e-01 4.999690162099894308e-02
4.000000000000000222e-01 6.095999999999999197e-01 2.000040096669425949e-01
4.000000000000000222e-01 6.096000000000000307e-01 2.999999999999999889e-01
4.000000000000000222e-01 6.095999999999999197e-01 3.999989064544702821e-01
4.000000000000000222e-01 6.095999999999999197e-01 6.000010935455298844e-01
4.000000000000000222e-01 6.095999999999999197e-01 8.000014580607064385e-01
4.000000000000000222e-01 6.095999999999999197e-01 9.000007290303532193e-01
4.000000000000000222e-01 6.095999999999999197e-01 1.000000000000000000e+00
4.000000000000000222e-01 1.523999999999999799e+00 5.000078887372504111e-02
4.000000000000000222e-01 1.523999999999999799e+00 2.000011833105875270e-01
4.000000000000000222e-01 1.524000000000000021e+00 2.999999999999999889e-01
4.000000000000000222e-01 1.523999999999999799e+00 4.000003944368624720e-01
4.000000000000000222e-01 1.523999999999999799e+00 6.000015777474498879e-01
4.000000000000000222e-01 1.523999999999999799e+00 7.999988166894124175e-01
4.000000000000000222e-01 1.523999999999999799e+00 9.000023666211750539e-01
4.000000000000000222e-01 1.523999999999999799e+00 1.000000000000000000e+00
4.000000000000000222e-01 3.047999999999999599e+00 4.999910081645866922e-02
4.000000000000000222e-01 3.047999999999999599e+00 2.000008991835413308e-01
4.000000000000000222e-01 3.048000000000000043e+00 2.999999999999999889e-01
4.000000000000000222e-01 3.047999999999999599e+00 3.999995504082293207e-01
4.000000000000000222e-01 3.047999999999999599e+00 5.999982016329172829e-01
4.000000000000000222e-01 3.047999999999999599e+00 7.999991008164586415e-01
4.000000000000000222e-01 3.047999999999999599e+00 8.999973024493758134e-01
4.000000000000000222e-01 3.047999999999999599e+00 1.000000000000000000e+00
4.000000000000000222e-01 4.572000000000000064e+00 4.999747402455249901e-02
4.000000000000000222e-01 4.572000000000000064e+00 1.999995188618195474e-01
4.000000000000000222e-01 4.572000000000000064e+00 2.999999999999999889e-01
4.000000000000000222e-01 4.572000000000000064e+00 3.999990377236389838e-01
4.000000000000000222e-01 4.572000000000000064e+00 6.000009622763609052e-01
4.000000000000000222e-01 4.572000000000000064e+00 7.999980754472778566e-01
4.000000000000000222e-01 4.572000000000000064e+00 9.000026462599923782e-01
4.000000000000000222e-01 4.572000000000000064e+00 1.000000000000000000e+00
4.000000000000000222e-01 6.095999999999999197e+00 4.999943423553906974e-02
4.000000000000000222e-01 6.095999999999999197e+00 2.000005657644609303e-01
4.000000000000000222e-01 6.096000000000000085e+00 2.999999999999999889e-01
4.000000000000000222e-01 6.095999999999999197e+00 4.000011315289219715e-01
4.000000000000000222e-01 6.095999999999999197e+00 5.999988684710781950e-01
4.000000000000000222e-01 6.095999999999999197e+00 8.000079207024533012e-01
4.000000000000000222e-01 6.095999999999999197e+00 8.999983027066172925e-01
4.000000000000000222e-01 6.095999999999999197e+00 1.000000000000000000e+00
4.000000000000000222e-01 7.619999999999999218e+00 4.999898957919341608e-02
4.000000000000000222e-01 7.619999999999999218e+00 2.000026944554841868e-01
4.000000000000000222e-01 7.620000000000000107e+00 2.999999999999999889e-01
4.000000000000000222e-01 7.619999999999999218e+00 3.999986527722578789e-01
4.000000000000000222e-01 7.619999999999999218e+00 6.000047152970975350e-01
4.000000000000000222e-01 7.619999999999999218e+00 8.000040416832263634e-01
4.000000000000000222e-01 7.619999999999999218e+00 9.000121250496789793e-01
4.000000000000000222e-01 7.619999999999999218e+00 1.000000000000000000e+00
4.000000000000000222e-01 9.144000000000000128e+00 5.000168568683305281e-02
4.000000000000000222e-01 9.144000000000000128e+00 2.000025285302496070e-01
4.000000000000000222e-01 9.144000000000000128e+00 2.999999999999999889e-01
4.000000000000000222e-01 9.144000000000000128e+00 4.000008428434164154e-01
4.000000000000000222e-01 9.144000000000000128e+00 5.999991571565832515e-01
4.000000000000000222e-01 9.144000000000000128e+00 8.000101141209984279e-01
4.000000000000000222e-01 9.144000000000000128e+00 9.000050570604990474e-01
4.000000000000000222e-01 9.144000000000000128e+00 1.000000000000000000e+00
4.000000000000000222e-01 1.066799999999999926e+01 4.999973373237977248e-02
4.000000000000000222e-01 1.066799999999999926e+01 2.000042602819241677e-01
4.000000000000000222e-01 1.066799999999999926e+01 2.999999999999999889e-01
4.000000000000000222e-01 1.066799999999999926e+01 3.999978698590380133e-01
4.000000000000000222e-01 1.066799999999999926e+01 6.000021301409620422e-01
4.000000000000000222e-01 1.066799999999999926e+01 8.000010650704810766e-01
4.000000000000000222e-01 1.066799999999999926e+01 9.000005325352405938e-01
4.000000000000000222e-01 1.066799999999999926e+01 1.000000000000000000e+00
4.000000000000000222e-01 1.188719999999999999e+01 5.000193680839800509e-02
4.000000000000000222e-01 1.188719999999999999e+01 2.000012912055986469e-01
4.000000000000000222e-01 1.188719999999999999e+01 2.999999999999999889e-01
4.000000000000000222e-01 1.188719999999999999e+01 4.000025824111972939e-01
4.000000000000000222e-01 1.188719999999999999e+01 6.000038736167960796e-01
4.000000000000000222e-01 1.188719999999999999e+01 8.000051648223946987e-01
4.000000000000000222e-01 1.188719999999999999e+01 9.000025824111973494e-01
4.000000000000000222e-01 1.188719999999999999e+01 1.000000000000000000e+00
4.000000000000000222e-01 1.310639999999999894e+01 4.999726063850604835e-02
4.000000000000000222e-01 1.310639999999999894e+01 2.000046960482754488e-01
4.000000000000000222e-01 1.310640000000000072e+01 2.999999999999999889e-01
4.000000000000000222e-01 1.310639999999999894e+01 4.000015653494252144e-01
4.000000000000000222e-01 1.310639999999999894e+01 6.000062613977005244e-01
4.000000000000000222e-01 1.310639999999999894e+01 8.000031306988500956e-01
4.000000000000000222e-01 1.310639999999999894e+01 8.999976519758625670e-01
4.000000000000000222e-01 1.310639999999999894e+01 1.000000000000000000e+00
5.000000000000000000e-01 0.000000000000000000e+00 5.000065438541048679e-02
5.000000000000000000e-01 0.000000000000000000e+00 2.000007478690406237e-01
5.000000000000000000e-01 0.000000000000000000e+00 2.999999999999999889e-01
5.000000000000000000e-01 0.000000000000000000e+00 3.999996260654796187e-01
5.000000000000000000e-01 0.000000000000000000e+00 6.000003739345202147e-01
5.000000000000000000e-01 0.000000000000000000e+00 8.000029914761624950e-01
5.000000000000000000e-01 0.000000000000000000e+00 8.999968215565771201e-01
5.000000000000000000e-01 0.000000000000000000e+00 1.000000000000000000e+00
5.000000000000000000e-01 6.095999999999999197e-01 5.000088504103630815e-02
5.000000000000000000e-01 6.095999999999999197e-01 1.999996066484282520e-01
5.000000000000000000e-01 6.096000000000000307e-01 2.999999999999999889e-01
5.000000000000000000e-01 6.095999999999999197e-01 3.999992132968565040e-01
5.000000000000000000e-01 6.095999999999999197e-01 5.999968531874262379e-01
5.000000000000000000e-01 6.095999999999999197e-01 8.000003933515715815e-01
5.000000000000000000e-01 6.095999999999999197e-01 9.000178974965138412e-01
5.000000000000000000e-01 6.095999999999999197e-01 1.000000000000000000e+00
5.000000000000000000e-01 1.523999999999999799e+00 5.000116894682138380e-02
5.000000000000000000e-01 1.523999999999999799e+00 1.999982997137143836e-01
5.000000000000000000e-01 1.524000000000000021e+00 2.999999999999999889e-01
5.000000000000000000e-01 1.523999999999999799e+00 3.999987247852856975e-01
5.000000000000000000e-01 1.523999999999999799e+00 5.999991498568572057e-01
5.000000000000000000e-01 1.523999999999999799e+00 8.000017002862855886e-01
5.000000000000000000e-01 1.523999999999999799e+00 8.999976621063568993e-01
5.000000000000000000e-01 1.523999999999999799e+00 1.000000000000000000e+00
5.000000000000000000e-01 3.047999999999999599e+00 5.000048372741001251e-02
5.000000000000000000e-01 3.047999999999999599e+00 1.999995162725900777e-01
5.000000000000000000e-01 3.048000000000000043e+00 2.999999999999999889e-01
5.000000000000000000e-01 3.047999999999999599e+00 3.999990325451803219e-01
5.000000000000000000e-01 3.047999999999999599e+00 6.000009674548200111e-01
5.000000000000000000e-01 3.047999999999999599e+00 7.999980650903603108e-01
5.000000000000000000e-01 3.047999999999999599e+00 9.000183816415775473e-01
5.000000000000000000e-01 3.047999999999999599e+00 1.000000000000000000e+00
5.000000000000000000e-01 4.572000000000000064e+00 5.000038187664366390e-02
5.000000000000000000e-01 4.572000000000000064e+00 1.999989816622836369e-01
5.000000000000000000e-01 4.572000000000000064e+00 2.999999999999999889e-01
5.000000000000000000e-01 4.572000000000000064e+00 4.000005091688582648e-01
5.000000000000000000e-01 4.572000000000000064e+00 6.000045825197239946e-01
5.000000000000000000e-01 4.572000000000000064e+00 8.000010183377165296e-01
5.000000000000000000e-01 4.572000000000000064e+00 8.999966904024215841e-01
5.000000000000000000e-01 4.572000000000000064e+00 1.000000000000000000e+00
5.000000000000000000e-01 6.095999999999999197e+00 5.000134235795616888e-02
5.000000000000000000e-01 6.095999999999999197e+00 1.999994033964638540e-01
5.000000000000000000e-01 6.096000000000000085e+00 2.999999999999999889e-01
5.000000000000000000e-01 6.095999999999999197e+00 3.999988067929278190e-01
5.000000000000000000e-01 6.095999999999999197e+00 5.999982101893917008e-01
5.000000000000000000e-01 6.095999999999999197e+00 8.000035796212163763e-01
5.000000000000000000e-01 6.095999999999999197e+00 9.000002983017679759e-01
5.000000000000000000e-01 6.095999999999999197e+00 1.000000000000000000e+00
5.000000000000000000e-01 7.619999999999999218e+00 5.000194106914085390e-02
5.000000000000000000e-01 7.619999999999999218e+00 2.000007058433239393e-01
5.000000000000000000e-01 7.620000000000000107e+00 2.999999999999999889e-01
5.000000000000000000e-01 7.619999999999999218e+00 4.000014116866478786e-01
5.000000000000000000e-01 7.619999999999999218e+00 5.999985883133520659e-01
5.000000000000000000e-01 7.619999999999999218e+00 8.000310571062542175e-01
5.000000000000000000e-01 7.619999999999999218e+00 8.999996470783380165e-01
5.000000000000000000e-01 7.619999999999999218e+00 1.000000000000000000e+00
5.000000000000000000e-01 9.144000000000000128e+00 4.999891372830168185e-02
5.000000000000000000e-01 9.144000000000000128e+00 2.000043450867931283e-01
5.000000000000000000e-01 9.144000000000000128e+00 2.999999999999999889e-01
5.000000000000000000e-01 9.144000000000000128e+00 4.000000000000000222e-01
5.000000000000000000e-01 9.144000000000000128e+00 5.999913098264139100e-01
5.000000000000000000e-01 9.144000000000000128e+00 8.000000000000000444e-01
5.000000000000000000e-01 9.144000000000000128e+00 8.999978274566036163e-01
5.000000000000000000e-01 9.144000000000000128e+00 1.000000000000000000e+00
5.000000000000000000e-01 1.066799999999999926e+01 5.000247129182661815e-02
5.000000000000000000e-01 1.066799999999999926e+01 1.999989016480770432e-01
5.000000000000000000e-01 1.066799999999999926e+01 2.999999999999999889e-01
5.000000000000000000e-01 1.066799999999999926e+01 4.000087868153835990e-01
5.000000000000000000e-01 1.066799999999999926e+01 6.000021967038459136e-01
5.000000000000000000e-01 1.066799999999999926e+01 8.000065901115377409e-01
5.000000000000000000e-01 1.066799999999999926e+01 9.000005491759616172e-01
5.000000000000000000e-01 1.066799999999999926e+01 1.000000000000000000e+00
5.000000000000000000e-01 1.188719999999999999e+01 5.000466088716664509e-02
5.000000000000000000e-01 1.188719999999999999e+01 1.999986683179524605e-01
5.000000000000000000e-01 1.188719999999999999e+01 2.999999999999999889e-01
5.000000000000000000e-01 1.188719999999999999e+01 3.999973366359049209e-01
5.000000000000000000e-01 1.188719999999999999e+01 6.000026633640951346e-01
5.000000000000000000e-01 1.188719999999999999e+01 8.000013316820476783e-01
5.000000000000000000e-01 1.188719999999999999e+01 9.000039950461429239e-01
5.000000000000000000e-01 1.188719999999999999e+01 1.000000000000000000e+00
5.000000000000000000e-01 1.310639999999999894e+01 4.999999999999996808e-02
5.000000000000000000e-01 1.310639999999999894e+01 2.000000000000000389e-01
5.000000000000000000e-01 1.310640000000000072e+01 2.999999999999999889e-01
5.000000000000000000e-01 1.310639999999999894e+01 4.000000000000000777e-01
5.000000000000000000e-01 1.310639999999999894e+01 6.000080723280594164e-01
5.000000000000000000e-01 1.310639999999999894e+01 8.000080723280593720e-01
5.000000000000000000e-01 1.310639999999999894e+01 9.000000000000000222e-01
5.000000000000000000e-01 1.310639999999999894e+01 1.000000000000000000e+00
5.999999999999999778e-01 0.000000000000000000e+00 5.000049972515119290e-02
5.999999999999999778e-01 0.000000000000000000e+00 2.000000000000000111e-01
5.999999999999999778e-01 0.000000000000000000e+00 2.999999999999999889e-01
5.999999999999999778e-01 0.000000000000000000e+00 4.000000000000000222e-01
5.999999999999999778e-01 0.000000000000000000e+00 5.999980010993954949e-01
5.999999999999999778e-01 0.000000000000000000e+00 8.000019989006047494e-01
5.999999999999999778e-01 0.000000000000000000e+00 9.000049972515116181e-01
5.999999999999999778e-01 0.000000000000000000e+00 1.000000000000000000e+00
5.999999999999999778e-01 6.095999999999999197e-01 5.000041990694861077e-02
5.999999999999999778e-01 6.095999999999999197e-01 1.999995800930513823e-01
5.999999999999999778e-01 6.096000000000000307e-01 2.999999999999999889e-01
5.999999999999999778e-01 6.095999999999999197e-01 3.999991601861027646e-01
5.999999999999999778e-01 6.095999999999999197e-01 5.999987402791540081e-01
5.999999999999999778e-01 6.095999999999999197e-01 8.000046189764349336e-01
5.999999999999999778e-01 6.095999999999999197e-01 9.000075583250750633e-01
5.999999999999999778e-01 6.095999999999999197e-01 1.000000000000000000e+00
5.999999999999999778e-01 1.523999999999999799e+00 4.999920776301705616e-02
5.999999999999999778e-01 1.523999999999999799e+00 1.999990945863052705e-01
5.999999999999999778e-01 1.524000000000000021e+00 2.999999999999999889e-01
5.999999999999999778e-01 1.523999999999999799e+00 4.000049797753215675e-01
5.999999999999999778e-01 1.523999999999999799e+00 6.000040743616268379e-01
5.999999999999999778e-01 1.523999999999999799e+00 7.999782700713240491e-01
5.999999999999999778e-01 1.523999999999999799e+00 9.000061115424403679e-01
5.999999999999999778e-01 1.523999999999999799e+00 1.000000000000000000e+00
5.999999999999999778e-01 3.047999999999999599e+00 5.000257692109471436e-02
5.999999999999999778e-01 3.047999999999999599e+00 1.999999999999999278e-01
5.999999999999999778e-01 3.048000000000000043e+00 2.999999999999999889e-01
5.999999999999999778e-01 3.047999999999999599e+00 3.999974230789052343e-01
5.999999999999999778e-01 3.047999999999999599e+00 5.999974230789053564e-01
5.999999999999999778e-01 3.047999999999999599e+00 8.000077307632840196e-01
5.999999999999999778e-01 3.047999999999999599e+00 9.000025769210946436e-01
5.999999999999999778e-01 3.047999999999999599e+00 1.000000000000000000e+00
5.999999999999999778e-01 4.572000000000000064e+00 5.000173053217854546e-02
5.999999999999999778e-01 4.572000000000000064e+00 2.000015974143186381e-01
5.999999999999999778e-01 4.572000000000000064e+00 2.999999999999999889e-01
5.999999999999999778e-01 4.572000000000000064e+00 4.000005324714396848e-01
5.999999999999999778e-01 4.572000000000000064e+00 5.999994675285604817e-01
5.999999999999999778e-01 4.572000000000000064e+00 8.000010649428791476e-01
5.999999999999999778e-01 4.572000000000000064e+00 9.000045260072362385e-01
5.999999999999999778e-01 4.572000000000000064e+00 1.000000000000000000e+00
5.999999999999999778e-01 6.095999999999999197e+00 5.000000000000000278e-02
5.999999999999999778e-01 6.095999999999999197e+00 2.000000000000000111e-01
5.999999999999999778e-01 6.096000000000000085e+00 2.999999999999999889e-01
5.999999999999999778e-01 6.095999999999999197e+00 4.000000000000000222e-01
5.999999999999999778e-01 6.095999999999999197e+00 5.999969030659647595e-01
5.999999999999999778e-01 6.095999999999999197e+00 8.000000000000000444e-01
5.999999999999999778e-01 6.095999999999999197e+00 9.000000000000002442e-01
5.999999999999999778e-01 6.095999999999999197e+00 1.000000000000000000e+00
5.999999999999999778e-01 7.619999999999999218e+00 4.999872321952958387e-02
5.999999999999999778e-01 7.619999999999999218e+00 1.999985408223196037e-01
5.999999999999999778e-01 7.620000000000000107e+00 2.999999999999999889e-01
5.999999999999999778e-01 7.619999999999999218e+00 4.000043775330411888e-01
5.999999999999999778e-01 7.619999999999999218e+00 6.000065662995619498e-01
5.999999999999999778e-01 7.619999999999999218e+00 8.000014591776803963e-01
5.999999999999999778e-01 7.619999999999999218e+00 9.000025535609408323e-01
5.999999999999999778e-01 7.619999999999999218e+00 1.000000000000000000e+00
5.999999999999999778e-01 9.144000000000000128e+00 5.000087544209823320e-02
5.999999999999999778e-01 9.144000000000000128e+00 2.000035017683930716e-01
5.999999999999999778e-01 9.144000000000000128e+00 2.999999999999999889e-01
5.999999999999999778e-01 9.144000000000000128e+00 3.999982491158035613e-01
5.999999999999999778e-01 9.144000000000000128e+00 5.999973736737052032e-01
5.999999999999999778e-01 9.144000000000000128e+00 8.000052526525895935e-01
5.999999999999999778e-01 9.144000000000000128e+00 9.000201351682598494e-01
5.999999999999999778e-01 9.144000000000000128e+00 1.000000000000000000e+00
5.999999999999999778e-01 1.066799999999999926e+01 5.000498002456817137e-02
5.999999999999999778e-01 1.066799999999999926e+01 2.000033200163786884e-01
5.999999999999999778e-01 1.066799999999999926e+01 2.999999999999999889e-01
5.999999999999999778e-01 1.066799999999999926e+01 4.000011066721261832e-01
5.999999999999999778e-01 1.066799999999999926e+01 5.999988933278738168e-01
5.999999999999999778e-01 1.066799999999999926e+01 8.000022133442528105e-01
5.999999999999999778e-01 1.066799999999999926e+01 9.000232401146512906e-01
5.999999999999999778e-01 1.066799999999999926e+01 1.000000000000000000e+00
5.999999999999999778e-01 1.188719999999999999e+01 4.999698085864372199e-02
5.999999999999999778e-01 1.188719999999999999e+01 2.000013418406027255e-01
5.999999999999999778e-01 1.188719999999999999e+01 2.999999999999999889e-01
5.999999999999999778e-01 1.188719999999999999e+01 3.999959744781917959e-01
5.999999999999999778e-01 1.188719999999999999e+01 5.999973163187944936e-01
5.999999999999999778e-01 1.188719999999999999e+01 7.999986581593973023e-01
5.999999999999999778e-01 1.188719999999999999e+01 8.999993290796985956e-01
5.999999999999999778e-01 1.188719999999999999e+01 1.000000000000000000e+00
5.999999999999999778e-01 1.310639999999999894e+01 4.999959330085154696e-02
5.999999999999999778e-01 1.310639999999999894e+01 1.999983732034064654e-01
5.999999999999999778e-01 1.310640000000000072e+01 2.999999999999999889e-01
5.999999999999999778e-01 1.310639999999999894e+01 3.999967464068129308e-01
5.999999999999999778e-01 1.310639999999999894e+01 6.000032535931870692e-01
5.999999999999999778e-01 1.310639999999999894e+01 8.000097607795608745e-01
5.999999999999999778e-01 1.310639999999999894e+01 9.000089473812642460e-01
5.999999999999999778e-01 1.310639999999999894e+01 1.000000000000000000e+00
6.999999999999999556e-01 0.000000000000000000e+00 4.999989394668919590e-02
6.999999999999999556e-01 0.000000000000000000e+00 1.999995757867567836e-01
6.999999999999999556e-01 0.000000000000000000e+00 2.999999999999999889e-01
6.999999999999999556e-01 0.000000000000000000e+00 3.999949094410778505e-01
6.999999999999999556e-01 0.000000000000000000e+00 5.999944852278346064e-01
6.999999999999999556e-01 0.000000000000000000e+00 7.999983031470264683e-01
6.999999999999999556e-01 0.000000000000000000e+00 9.000044542390567281e-01
6.999999999999999556e-01 0.000000000000000000e+00 1.000000000000000000e+00
6.999999999999999556e-01 6.095999999999999197e-01 4.999900453269440909e-02
6.999999999999999556e-01 6.095999999999999197e-01 1.999982302803456069e-01
6.999999999999999556e-01 6.096000000000000307e-01 2.999999999999999889e-01
6.999999999999999556e-01 6.095999999999999197e-01 4.000097334580984820e-01
6.999999999999999556e-01 6.095999999999999197e-01 6.000013272897407601e-01
6.999999999999999556e-01 6.095999999999999197e-01 7.999995575700866723e-01
6.999999999999999556e-01 6.095999999999999197e-01 8.999997787850435582e-01
6.999999999999999556e-01 6.095999999999999197e-01 1.000000000000000000e+00
6.999999999999999556e-01 1.523999999999999799e+00 5.000440179593270557e-02
6.999999999999999556e-01 1.523999999999999799e+00 2.000009517396610370e-01
6.999999999999999556e-01 1.524000000000000021e+00 2.999999999999999889e-01
6.999999999999999556e-01 1.523999999999999799e+00 4.000019034793220740e-01
6.999999999999999556e-01 1.523999999999999799e+00 6.000004758698305185e-01
6.999999999999999556e-01 1.523999999999999799e+00 8.000038069586445921e-01
6.999999999999999556e-01 1.523999999999999799e+00 9.000007138047457778e-01
6.999999999999999556e-01 1.523999999999999799e+00 1.000000000000000000e+00
6.999999999999999556e-01 3.047999999999999599e+00 5.000094443230174157e-02
6.999999999999999556e-01 3.047999999999999599e+00 2.000010793512018159e-01
6.999999999999999556e-01 3.048000000000000043e+00 2.999999999999999889e-01
6.999999999999999556e-01 3.047999999999999599e+00 3.999994603243988700e-01
6.999999999999999556e-01 3.047999999999999599e+00 5.999978412975958131e-01
6.999999999999999556e-01 3.047999999999999599e+00 7.999935238927878833e-01
6.999999999999999556e-01 3.047999999999999599e+00 9.000035078914063735e-01
6.999999999999999556e-01 3.047999999999999599e+00 1.000000000000000000e+00
6.999999999999999556e-01 4.572000000000000064e+00 5.000165203696156635e-02
6.999999999999999556e-01 4.572000000000000064e+00 2.000011013579742480e-01
6.999999999999999556e-01 4.572000000000000064e+00 2.999999999999999889e-01
6.999999999999999556e-01 4.572000000000000064e+00 3.999994493210127788e-01
6.999999999999999556e-01 4.572000000000000064e+00 5.999977972840511153e-01
6.999999999999999556e-01 4.572000000000000064e+00 8.000016520369614970e-01
6.999999999999999556e-01 4.572000000000000064e+00 8.999966959260768951e-01
6.999999999999999556e-01 4.572000000000000064e+00 1.000000000000000000e+00
6.999999999999999556e-01 6.095999999999999197e+00 4.999762157705293919e-02
6.999999999999999556e-01 6.095999999999999197e+00 1.999999999999999556e-01
6.999999999999999556e-01 6.096000000000000085e+00 2.999999999999999889e-01
6.999999999999999556e-01 6.095999999999999197e+00 4.000000000000001332e-01
6.999999999999999556e-01 6.095999999999999197e+00 5.999968287694040781e-01
6.999999999999999556e-01 6.095999999999999197e+00 8.000063424611920659e-01
6.999999999999999556e-01 6.095999999999999197e+00 9.000047568458940939e-01
6.999999999999999556e-01 6.095999999999999197e+00 1.000000000000000000e+00
6.999999999999999556e-01 7.619999999999999218e+00 4.999888494904206754e-02
6.999999999999999556e-01 7.619999999999999218e+00 1.999992566326948551e-01
6.999999999999999556e-01 7.620000000000000107e+00 2.999999999999999889e-01
6.999999999999999556e-01 7.619999999999999218e+00 3.999910795923373175e-01
6.999999999999999556e-01 7.619999999999999218e+00 5.999903362250321726e-01
6.999999999999999556e-01 7.619999999999999218e+00 7.999970265307790873e-01
6.999999999999999556e-01 7.619999999999999218e+00 9.000208142845460557e-01
6.999999999999999556e-01 7.619999999999999218e+00 1.000000000000000000e+00
6.999999999999999556e-01 9.144000000000000128e+00 5.000110095783322217e-02
6.999999999999999556e-01 9.144000000000000128e+00 2.000044038313331940e-01
6.999999999999999556e-01 9.144000000000000128e+00 2.999999999999999889e-01
6.999999999999999556e-01 9.144000000000000128e+00 4.000000000000001332e-01
6.999999999999999556e-01 9.144000000000000128e+00 6.000044038313333550e-01
6.999999999999999556e-01 9.144000000000000128e+00 8.000044038313333106e-01
6.999999999999999556e-01 9.144000000000000128e+00 9.000242210723327085e-01
6.999999999999999556e-01 9.144000000000000128e+00 1.000000000000000000e+00
6.999999999999999556e-01 1.066799999999999926e+01 4.999863689648592624e-02
6.999999999999999556e-01 1.066799999999999926e+01 1.999999999999999556e-01
6.999999999999999556e-01 1.066799999999999926e+01 2.999999999999999889e-01
6.999999999999999556e-01 1.066799999999999926e+01 3.999945475859438826e-01
6.999999999999999556e-01 1.066799999999999926e+01 6.000000000000003109e-01
6.999999999999999556e-01 1.066799999999999926e+01 8.000000000000002665e-01
6.999999999999999556e-01 1.066799999999999926e+01 8.999972737929721189e-01
6.999999999999999556e-01 1.066799999999999926e+01 1.000000000000000000e+00
6.999999999999999556e-01 1.188719999999999999e+01 4.999669465194681722e-02
6.999999999999999556e-01 1.188719999999999999e+01 2.000000000000000111e-01
6.999999999999999556e-01 1.188719999999999999e+01 2.999999999999999889e-01
6.999999999999999556e-01 1.188719999999999999e+01 3.999867786077874188e-01
6.999999999999999556e-01 1.188719999999999999e+01 6.000066106961066126e-01
6.999999999999999556e-01 1.188719999999999999e+01 7.999933893038936317e-01
6.999999999999999556e-01 1.188719999999999999e+01 9.000000000000003553e-01
6.999999999999999556e-01 1.188719999999999999e+01 1.000000000000000000e+00
6.999999999999999556e-01 1.310639999999999894e+01 5.000160312930850004e-02
6.999999999999999556e-01 1.310639999999999894e+01 2.000064125172337226e-01
6.999999999999999556e-01 1.310640000000000072e+01 2.999999999999999889e-01
6.999999999999999556e-01 1.310639999999999894e+01 3.999967937413833052e-01
6.999999999999999556e-01 1.310639999999999894e+01 5.999951906120747358e-01
6.999999999999999556e-01 1.310639999999999894e+01 8.000016031293084584e-01
6.999999999999999556e-01 1.310639999999999894e+01 8.999967937413833052e-01
6.999999999999999556e-01 1.310639999999999894e+01 1.000000000000000000e+00
7.500000000000000000e-01 0.000000000000000000e+00 4.999847132867742822e-02
7.500000000000000000e-01 0.000000000000000000e+00 1.999982529470601400e-01
7.500000000000000000e-01 0.000000000000000000e+00 2.999999999999999889e-01
7.500000000000000000e-01 0.000000000000000000e+00 4.000008735264700688e-01
7.500000000000000000e-01 0.000000000000000000e+00 6.000013102897048256e-01
7.500000000000000000e-01 0.000000000000000000e+00 7.999995632367649101e-01
7.500000000000000000e-01 0.000000000000000000e+00 8.999921382617693810e-01
7.500000000000000000e-01 0.000000000000000000e+00 1.000000000000000000e+00
7.500000000000000000e-01 6.095999999999999197e-01 5.000135609156337868e-02
7.500000000000000000e-01 6.095999999999999197e-01 1.999986439084369405e-01
7.500000000000000000e-01 6.096000000000000307e-01 2.999999999999999889e-01
7.500000000000000000e-01 6.095999999999999197e-01 3.999995479694788969e-01
7.500000000000000000e-01 6.095999999999999197e-01 6.000004520305214362e-01
7.500000000000000000e-01 6.095999999999999197e-01 8.000058763967743403e-01
7.500000000000000000e-01 6.095999999999999197e-01 8.999972878168739365e-01
7.500000000000000000e-01 6.095999999999999197e-01 1.000000000000000000e+00
7.500000000000000000e-01 1.523999999999999799e+00 4.999781456857156636e-02
7.500000000000000000e-01 1.523999999999999799e+00 2.000009713028573499e-01
7.500000000000000000e-01 1.524000000000000021e+00 2.999999999999999889e-01
7.500000000000000000e-01 1.523999999999999799e+00 3.999995143485715055e-01
7.500000000000000000e-01 1.523999999999999799e+00 6.000029139085714114e-01
7.500000000000000000e-01 1.523999999999999799e+00 8.000014569542858167e-01
7.500000000000000000e-01 1.523999999999999799e+00 8.999970860914290327e-01
7.500000000000000000e-01 1.523999999999999799e+00 1.000000000000000000e+00
7.500000000000000000e-01 3.047999999999999599e+00 4.999890039805598291e-02
7.500000000000000000e-01 3.047999999999999599e+00 2.000010996019443155e-01
7.500000000000000000e-01 3.048000000000000043e+00 2.999999999999999889e-01
7.500000000000000000e-01 3.047999999999999599e+00 3.999994501990278284e-01
7.500000000000000000e-01 3.047999999999999599e+00 5.999868047766705459e-01
7.500000000000000000e-01 3.047999999999999599e+00 7.999989003980556568e-01
7.500000000000000000e-01 3.047999999999999599e+00 9.000021992038880203e-01
7.500000000000000000e-01 3.047999999999999599e+00 1.000000000000000000e+00
7.500000000000000000e-01 4.572000000000000064e+00 4.999986046810152296e-02
7.500000000000000000e-01 4.572000000000000064e+00 1.999994418724065082e-01
7.500000000000000000e-01 4.572000000000000064e+00 2.999999999999999889e-01
7.500000000000000000e-01 4.572000000000000064e+00 3.999960931068450853e-01
7.500000000000000000e-01 4.572000000000000064e+00 6.000011162551868171e-01
7.500000000000000000e-01 4.572000000000000064e+00 8.000117206794645774e-01
7.500000000000000000e-01 4.572000000000000064e+00 9.000002790637969818e-01
7.500000000000000000e-01 4.572000000000000064e+00 1.000000000000000000e+00
7.500000000000000000e-01 6.095999999999999197e+00 5.000224024373858128e-02
7.500000000000000000e-01 6.095999999999999197e+00 1.999993599303603320e-01
7.500000000000000000e-01 6.096000000000000085e+00 2.999999999999999889e-01
7.500000000000000000e-01 6.095999999999999197e+00 3.999987198607208860e-01
7.500000000000000000e-01 6.095999999999999197e+00 6.000076808356752389e-01
7.500000000000000000e-01 6.095999999999999197e+00 8.000006400696396680e-01
7.500000000000000000e-01 6.095999999999999197e+00 9.000019202089190040e-01
7.500000000000000000e-01 6.095999999999999197e+00 1.000000000000000000e+00
7.500000000000000000e-01 7.619999999999999218e+00 5.000336018996284076e-02
7.500000000000000000e-01 7.619999999999999218e+00 1.999985065822388608e-01
7.500000000000000000e-01 7.620000000000000107e+00 2.999999999999999889e-01
7.500000000000000000e-01 7.619999999999999218e+00 4.000007467088804169e-01
7.500000000000000000e-01 7.619999999999999218e+00 5.999955197467162771e-01
7.500000000000000000e-01 7.619999999999999218e+00 7.999977598733578610e-01
7.500000000000000000e-01 7.619999999999999218e+00 9.000343486085077283e-01
7.500000000000000000e-01 7.619999999999999218e+00 1.000000000000000000e+00
7.500000000000000000e-01 9.144000000000000128e+00 5.000352976474114336e-02
7.500000000000000000e-01 9.144000000000000128e+00 1.999964702352587664e-01
7.500000000000000000e-01 9.144000000000000128e+00 2.999999999999999889e-01
7.500000000000000000e-01 9.144000000000000128e+00 4.000017648823705474e-01
7.500000000000000000e-01 9.144000000000000128e+00 6.000026473235556823e-01
7.500000000000000000e-01 9.144000000000000128e+00 7.999947053528881913e-01
7.500000000000000000e-01 9.144000000000000128e+00 8.999973526764440956e-01
7.500000000000000000e-01 9.144000000000000128e+00 1.000000000000000000e+00
7.500000000000000000e-01 1.066799999999999926e+01 5.000322047362443234e-02
7.500000000000000000e-01 1.066799999999999926e+01 2.000021469824162235e-01
7.500000000000000000e-01 1.066799999999999926e+01 2.999999999999999889e-01
7.500000000000000000e-01 1.066799999999999926e+01 3.999989265087918189e-01
7.500000000000000000e-01 1.066799999999999926e+01 5.999957060351676086e-01
7.500000000000000000e-01 1.066799999999999926e+01 8.000032204736240438e-01
7.500000000000000000e-01 1.066799999999999926e+01 8.999989265087917634e-01
7.500000000000000000e-01 1.066799999999999926e+01 1.000000000000000000e+00
7.500000000000000000e-01 1.188719999999999999e+01 5.000065088064156033e-02
7.500000000000000000e-01 1.188719999999999999e+01 2.000026035225662413e-01
7.500000000000000000e-01 1.188719999999999999e+01 2.999999999999999889e-01
7.500000000000000000e-01 1.188719999999999999e+01 3.999921894323020255e-01
7.500000000000000000e-01 1.188719999999999999e+01 5.999947929548680170e-01
7.500000000000000000e-01 1.188719999999999999e+01 7.999973964774339530e-01
7.500000000000000000e-01 1.188719999999999999e+01 8.999856806258866859e-01
7.500000000000000000e-01 1.188719999999999999e+01 1.000000000000000000e+00
7.500000000000000000e-01 1.310639999999999894e+01 4.999408120585566162e-02
7.500000000000000000e-01 1.310639999999999894e+01 1.999999999999999556e-01
7.500000000000000000e-01 1.310640000000000072e+01 2.999999999999999889e-01
7.500000000000000000e-01 1.310639999999999894e+01 4.000000000000001887e-01
7.500000000000000000e-01 1.310639999999999894e+01 5.999999999999998668e-01
7.500000000000000000e-01 1.310639999999999894e+01 8.000000000000000444e-01
7.500000000000000000e-01 1.310639999999999894e+01 8.999881624117114232e-01
7.500000000000000000e-01 1.310639999999999894e+01 1.000000000000000000e+00
8.000000000000000444e-01 0.000000000000000000e+00 5.000168302945293131e-02
8.000000000000000444e-01 0.000000000000000000e+00 1.999977559607291067e-01
8.000000000000000444e-01 0.000000000000000000e+00 2.999999999999999889e-01
8.000000000000000444e-01 0.000000000000000000e+00 4.000022440392703715e-01
8.000000000000000444e-01 0.000000000000000000e+00 5.999955119214581689e-01
8.000000000000000444e-01 0.000000000000000000e+00 7.999999999999997113e-01
8.000000000000000444e-01 0.000000000000000000e+00 8.999988779803642647e-01
8.000000000000000444e-01 0.000000000000000000e+00 1.000000000000000000e+00
8.000000000000000444e-01 6.095999999999999197e-01 4.999896061660834279e-02
8.000000000000000444e-01 6.095999999999999197e-01 1.999935327255634165e-01
8.000000000000000444e-01 6.096000000000000307e-01 2.999999999999999889e-01
8.000000000000000444e-01 6.095999999999999197e-01 4.000032336372179587e-01
8.000000000000000444e-01 6.095999999999999197e-01 6.000013858445223391e-01
8.000000000000000444e-01 6.095999999999999197e-01 7.999926088292154125e-01
8.000000000000000444e-01 6.095999999999999197e-01 9.000066982485228628e-01
8.000000000000000444e-01 6.095999999999999197e-01 1.000000000000000000e+00
8.000000000000000444e-01 1.523999999999999799e+00 5.000111245429680884e-02
8.000000000000000444e-01 1.523999999999999799e+00 1.999995055758680418e-01
8.000000000000000444e-01 1.524000000000000021e+00 2.999999999999999889e-01
8.000000000000000444e-01 1.523999999999999799e+00 4.000014832723954861e-01
8.000000000000000444e-01 1.523999999999999799e+00 6.000009888482635834e-01
8.000000000000000444e-01 1.523999999999999799e+00 8.000004944241319027e-01
8.000000000000000444e-01 1.523999999999999799e+00 9.000002472120653962e-01
8.000000000000000444e-01 1.523999999999999799e+00 1.000000000000000000e+00
8.000000000000000444e-01 3.047999999999999599e+00 4.999818432204007623e-02
8.000000000000000444e-01 3.047999999999999599e+00 2.000011173402830855e-01
8.000000000000000444e-01 3.048000000000000043e+00 2.999999999999999889e-01
8.000000000000000444e-01 3.047999999999999599e+00 3.999994413298588736e-01
8.000000000000000444e-01 3.047999999999999599e+00 6.000005586701415705e-01
8.000000000000000444e-01 3.047999999999999599e+00 7.999793292047611137e-01
8.000000000000000444e-01 3.047999999999999599e+00 9.000008380052125778e-01
8.000000000000000444e-01 3.047999999999999599e+00 1.000000000000000000e+00
8.000000000000000444e-01 4.572000000000000064e+00 5.000028234390620913e-02
8.000000000000000444e-01 4.572000000000000064e+00 2.000039528146864976e-01
8.000000000000000444e-01 4.572000000000000064e+00 2.999999999999999889e-01
8.000000000000000444e-01 4.572000000000000064e+00 3.999966118731259068e-01
8.000000000000000444e-01 4.572000000000000064e+00 5.999977412487507156e-01
8.000000000000000444e-01 4.572000000000000064e+00 7.999875768681284915e-01
8.000000000000000444e-01 4.572000000000000064e+00 8.999966118731257403e-01
8.000000000000000444e-01 4.572000000000000064e+00 1.000000000000000000e+00
8.000000000000000444e-01 6.095999999999999197e+00 5.000016114529186317e-02
8.000000000000000444e-01 6.095999999999999197e+00 2.000006445811672029e-01
8.000000000000000444e-01 6.096000000000000085e+00 2.999999999999999889e-01
8.000000000000000444e-01 6.095999999999999197e+00 4.000077349740072674e-01
8.000000000000000444e-01 6.095999999999999197e+00 5.999954879318292189e-01
8.000000000000000444e-01 6.095999999999999197e+00 8.000025783246693667e-01
8.000000000000000444e-01 6.095999999999999197e+00 8.999932318977438284e-01
8.000000000000000444e-01 6.095999999999999197e+00 1.000000000000000000e+00
8.000000000000000444e-01 7.619999999999999218e+00 5.000000000000020400e-02
8.000000000000000444e-01 7.619999999999999218e+00 2.000074760765549187e-01
8.000000000000000444e-01 7.620000000000000107e+00 2.999999999999999889e-01
8.000000000000000444e-01 7.619999999999999218e+00 4.000000000000000222e-01
8.000000000000000444e-01 7.619999999999999218e+00 5.999999999999997558e-01
8.000000000000000444e-01 7.619999999999999218e+00 7.999999999999997113e-01
8.000000000000000444e-01 7.619999999999999218e+00 8.999962619617224435e-01
8.000000000000000444e-01 7.619999999999999218e+00 1.000000000000000000e+00
8.000000000000000444e-01 9.144000000000000128e+00 5.000220293430840401e-02
8.000000000000000444e-01 9.144000000000000128e+00 2.000044058686170079e-01
8.000000000000000444e-01 9.144000000000000128e+00 2.999999999999999889e-01
8.000000000000000444e-01 9.144000000000000128e+00 4.000000000000001332e-01
8.000000000000000444e-01 9.144000000000000128e+00 5.999955941313829255e-01
8.000000000000000444e-01 9.144000000000000128e+00 7.999911882627657178e-01
8.000000000000000444e-01 9.144000000000000128e+00 8.999999999999998002e-01
8.000000000000000444e-01 9.144000000000000128e+00 1.000000000000000000e+00
8.000000000000000444e-01 1.066799999999999926e+01 4.999553094948929605e-02
8.000000000000000444e-01 1.066799999999999926e+01 1.999978969174066035e-01
8.000000000000000444e-01 1.066799999999999926e+01 2.999999999999999889e-01
8.000000000000000444e-01 1.066799999999999926e+01 3.999905361283300209e-01
8.000000000000000444e-01 1.066799999999999926e+01 5.999989484587036070e-01
8.000000000000000444e-01 1.066799999999999926e+01 8.000073607890766381e-01
8.000000000000000444e-01 1.066799999999999926e+01 8.999826495686054084e-01
8.000000000000000444e-01 1.066799999999999926e+01 1.000000000000000000e+00
8.000000000000000444e-01 1.188719999999999999e+01 5.000159403194444352e-02
8.000000000000000444e-01 1.188719999999999999e+01 1.999936238722225257e-01
8.000000000000000444e-01 1.188719999999999999e+01 2.999999999999999889e-01
8.000000000000000444e-01 1.188719999999999999e+01 4.000000000000000777e-01
8.000000000000000444e-01 1.188719999999999999e+01 5.999999999999998668e-01
8.000000000000000444e-01 1.188719999999999999e+01 8.000063761277776964e-01
8.000000000000000444e-01 1.188719999999999999e+01 8.999968119361113628e-01
8.000000000000000444e-01 1.188719999999999999e+01 1.000000000000000000e+00
8.000000000000000444e-01 1.310639999999999894e+01 4.999265609659945403e-02
8.000000000000000444e-01 1.310639999999999894e+01 2.000015460849265403e-01
8.000000000000000444e-01 1.310640000000000072e+01 2.999999999999999889e-01
8.000000000000000444e-01 1.310639999999999894e+01 4.000030921698530806e-01
8.000000000000000444e-01 1.310639999999999894e+01 6.000046382547793433e-01
8.000000000000000444e-01 1.310639999999999894e+01 8.000448364628672815e-01
8.000000000000000444e-01 1.310639999999999894e+01 9.000069573821689595e-01
8.000000000000000444e-01 1.310639999999999894e+01 1.000000000000000000e+00
8.499999999999999778e-01 0.000000000000000000e+00 5.000184194288129214e-02
8.499999999999999778e-01 0.000000000000000000e+00 1.999958556285170441e-01
8.499999999999999778e-01 0.000000000000000000e+00 2.999999999999999889e-01
8.499999999999999778e-01 0.000000000000000000e+00 4.000078282572458455e-01
8.499999999999999778e-01 0.000000000000000000e+00 6.000013814571614201e-01
8.499999999999999778e-01 0.000000000000000000e+00 7.999995395142796006e-01
8.499999999999999778e-01 0.000000000000000000e+00 9.000009209714410208e-01
8.499999999999999778e-01 0.000000000000000000e+00 1.000000000000000000e+00
8.499999999999999778e-01 6.095999999999999197e-01 4.999976313533047168e-02
8.499999999999999778e-01 6.095999999999999197e-01 1.999990525413208597e-01
8.499999999999999778e-01 6.096000000000000307e-01 2.999999999999999889e-01
8.499999999999999778e-01 6.095999999999999197e-01 4.000004737293395563e-01
8.499999999999999778e-01 6.095999999999999197e-01 5.999971576239632176e-01
8.499999999999999778e-01 6.095999999999999197e-01 7.999985788119816643e-01
8.499999999999999778e-01 6.095999999999999197e-01 8.999791559090626336e-01
8.499999999999999778e-01 6.095999999999999197e-01 1.000000000000000000e+00
8.499999999999999778e-01 1.523999999999999799e+00 5.000125542973343079e-02
8.499999999999999778e-01 1.523999999999999799e+00 2.000000000000001499e-01
8.499999999999999778e-01 1.524000000000000021e+00 2.999999999999999889e-01
8.499999999999999778e-01 1.523999999999999799e+00 3.999999999999999112e-01
8.499999999999999778e-01 1.523999999999999799e+00 5.999949782810654053e-01
8.499999999999999778e-01 1.523999999999999799e+00 7.999949782810651389e-01
8.499999999999999778e-01 1.523999999999999799e+00 8.999949782810654497e-01
8.499999999999999778e-01 1.523999999999999799e+00 1.000000000000000000e+00
8.499999999999999778e-01 3.047999999999999599e+00 5.000339831670078117e-02
8.499999999999999778e-01 3.047999999999999599e+00 1.999994336138833095e-01
8.499999999999999778e-01 3.048000000000000043e+00 2.999999999999999889e-01
8.499999999999999778e-01 3.047999999999999599e+00 3.999988672277661750e-01
8.499999999999999778e-01 3.047999999999999599e+00 6.000011327722334364e-01
8.499999999999999778e-01 3.047999999999999599e+00 8.000005663861162741e-01
8.499999999999999778e-01 3.047999999999999599e+00 9.000101949501009280e-01
8.499999999999999778e-01 3.047999999999999599e+00 1.000000000000000000e+00
8.499999999999999778e-01 4.572000000000000064e+00 5.000057065248408178e-02
8.499999999999999778e-01 4.572000000000000064e+00 1.999994293475159113e-01
8.499999999999999778e-01 4.572000000000000064e+00 2.999999999999999889e-01
8.499999999999999778e-01 4.572000000000000064e+00 3.999988586950318226e-01
8.499999999999999778e-01 4.572000000000000064e+00 5.999925815177072908e-01
8.499999999999999778e-01 4.572000000000000064e+00 7.999977173900636451e-01
8.499999999999999778e-01 4.572000000000000064e+00 8.999902989077710469e-01
8.499999999999999778e-01 4.572000000000000064e+00 1.000000000000000000e+00
8.499999999999999778e-01 6.095999999999999197e+00 4.999886594497584408e-02
8.499999999999999778e-01 6.095999999999999197e+00 2.000051842515400413e-01
8.499999999999999778e-01 6.096000000000000085e+00 2.999999999999999889e-01
8.499999999999999778e-01 6.095999999999999197e+00 4.000006480314424739e-01
8.499999999999999778e-01 6.095999999999999197e+00 5.999993519685574705e-01
8.499999999999999778e-01 6.095999999999999197e+00 8.000110165345223345e-01
8.499999999999999778e-01 6.095999999999999197e+00 9.000022681100487976e-01
8.499999999999999778e-01 6.095999999999999197e+00 1.000000000000000000e+00
8.499999999999999778e-01 7.619999999999999218e+00 4.999850616952000032e-02
8.499999999999999778e-01 7.619999999999999218e+00 1.999977592542797056e-01
8.499999999999999778e-01 7.620000000000000107e+00 2.999999999999999889e-01
8.499999999999999778e-01 7.619999999999999218e+00 4.000029876609601520e-01
8.499999999999999778e-01 7.619999999999999218e+00 6.000082160676408760e-01
8.499999999999999778e-01 7.619999999999999218e+00 8.000171790505212766e-01
8.499999999999999778e-01 7.619999999999999218e+00 8.999992530847602534e-01
8.499999999999999778e-01 7.619999999999999218e+00 1.000000000000000000e+00
8.499999999999999778e-01 9.144000000000000128e+00 5.000197480153249774e-02
8.499999999999999778e-01 9.144000000000000128e+00 1.999991223104300442e-01
8.499999999999999778e-01 9.144000000000000128e+00 2.999999999999999889e-01
8.499999999999999778e-01 9.144000000000000128e+00 4.000026330687098675e-01
8.499999999999999778e-01 9.144000000000000128e+00 5.999973669312897995e-01
8.499999999999999778e-01 9.144000000000000128e+00 7.999964892417198437e-01
8.499999999999999778e-01 9.144000000000000128e+00 9.000136041883343152e-01
8.499999999999999778e-01 9.144000000000000128e+00 1.000000000000000000e+00
8.499999999999999778e-01 1.066799999999999926e+01 4.999869332287983775e-02
8.499999999999999778e-01 1.066799999999999926e+01 2.000000000000000111e-01
8.499999999999999778e-01 1.066799999999999926e+01 2.999999999999999889e-01
8.499999999999999778e-01 1.066799999999999926e+01 3.999947732915195564e-01
8.499999999999999778e-01 1.066799999999999926e+01 6.000052267084802216e-01
8.499999999999999778e-01 1.066799999999999926e+01 8.000000000000000444e-01
8.499999999999999778e-01 1.066799999999999926e+01 9.000026133542403661e-01
8.499999999999999778e-01 1.066799999999999926e+01 1.000000000000000000e+00
8.499999999999999778e-01 1.188719999999999999e+01 4.999843520170245414e-02
8.499999999999999778e-01 1.188719999999999999e+01 1.999999999999999556e-01
8.499999999999999778e-01 1.188719999999999999e+01 2.999999999999999889e-01
8.499999999999999778e-01 1.188719999999999999e+01 3.999999999999999112e-01
8.499999999999999778e-01 1.188719999999999999e+01 6.000062591931899503e-01
8.499999999999999778e-01 1.188719999999999999e+01 8.000062591931901279e-01
8.499999999999999778e-01 1.188719999999999999e+01 9.000031295965951195e-01
8.499999999999999778e-01 1.188719999999999999e+01 1.000000000000000000e+00
8.499999999999999778e-01 1.310639999999999894e+01 5.000113828665076615e-02
8.499999999999999778e-01 1.310639999999999894e+01 1.999969645689308462e-01
8.499999999999999778e-01 1.310640000000000072e+01 2.999999999999999889e-01
8.499999999999999778e-01 1.310639999999999894e+01 4.000015177155344381e-01
8.499999999999999778e-01 1.310639999999999894e+01 5.999984822844655064e-01
8.499999999999999778e-01 1.310639999999999894e+01 7.999726811203775600e-01
8.499999999999999778e-01 1.310639999999999894e+01 9.000053120043709498e-01
8.499999999999999778e-01 1.310639999999999894e+01 1.000000000000000000e+00
9.000000000000000222e-01 0.000000000000000000e+00 5.000153386176822701e-02
9.000000000000000222e-01 0.000000000000000000e+00 2.000014158724017221e-01
9.000000000000000222e-01 0.000000000000000000e+00 2.999999999999999889e-01
9.000000000000000222e-01 0.000000000000000000e+00 4.000028317448031112e-01
9.000000000000000222e-01 0.000000000000000000e+00 5.999995280425326483e-01
9.000000000000000222e-01 0.000000000000000000e+00 8.000009439149340373e-01
9.000000000000000222e-01 0.000000000000000000e+00 8.999992920637989169e-01
9.000000000000000222e-01 0.000000000000000000e+00 1.000000000000000000e+00
9.000000000000000222e-01 6.095999999999999197e-01 5.000060656791712604e-02
9.000000000000000222e-01 6.095999999999999197e-01 1.999999999999997891e-01
9.000000000000000222e-01 6.096000000000000307e-01 2.999999999999999889e-01
9.000000000000000222e-01 6.095999999999999197e-01 4.000048525433395064e-01
9.000000000000000222e-01 6.095999999999999197e-01 5.999975737283306243e-01
9.000000000000000222e-01 6.095999999999999197e-01 7.999951474566603382e-01
9.000000000000000222e-01 6.095999999999999197e-01 8.999963605924959920e-01
9.000000000000000222e-01 6.095999999999999197e-01 1.000000000000000000e+00
9.000000000000000222e-01 1.523999999999999799e+00 4.999910933996974671e-02
9.000000000000000222e-01 1.523999999999999799e+00 1.999989821028230474e-01
9.000000000000000222e-01 1.524000000000000021e+00 2.999999999999999889e-01
9.000000000000000222e-01 1.523999999999999799e+00 4.000005089485886844e-01
9.000000000000000222e-01 1.523999999999999799e+00 6.000020357943546268e-01
9.000000000000000222e-01 1.523999999999999799e+00 7.999984731542343352e-01
9.000000000000000222e-01 1.523999999999999799e+00 9.000043260630027353e-01
9.000000000000000222e-01 1.523999999999999799e+00 1.000000000000000000e+00
9.000000000000000222e-01 3.047999999999999599e+00 5.000200558124602568e-02
9.000000000000000222e-01 3.047999999999999599e+00 2.000022920928524739e-01
9.000000000000000222e-01 3.048000000000000043e+00 2.999999999999999889e-01
9.000000000000000222e-01 3.047999999999999599e+00 4.000017190696397718e-01
9.000000000000000222e-01 3.047999999999999599e+00 5.999982809303606723e-01
9.000000000000000222e-01 3.047999999999999599e+00 8.000034381392795435e-01
9.000000000000000222e-01 3.047999999999999599e+00 9.000017190696395497e-01
9.000000000000000222e-01 3.047999999999999599e+00 1.000000000000000000e+00
9.000000000000000222e-01 4.572000000000000064e+00 5.000014405942147105e-02
9.000000000000000222e-01 4.572000000000000064e+00 1.999976950492539374e-01
9.000000000000000222e-01 4.572000000000000064e+00 2.999999999999999889e-01
9.000000000000000222e-01 4.572000000000000064e+00 3.999953900985078747e-01
9.000000000000000222e-01 4.572000000000000064e+00 5.999988475246269548e-01
9.000000000000000222e-01 4.572000000000000064e+00 7.999965425738809754e-01
9.000000000000000222e-01 4.572000000000000064e+00 9.000112366348873572e-01
9.000000000000000222e-01 4.572000000000000064e+00 1.000000000000000000e+00
9.000000000000000222e-01 6.095999999999999197e+00 4.999902396491490153e-02
9.000000000000000222e-01 6.095999999999999197e+00 1.999993493099433417e-01
9.000000000000000222e-01 6.096000000000000085e+00 2.999999999999999889e-01
9.000000000000000222e-01 6.095999999999999197e+00 4.000052055204546542e-01
9.000000000000000222e-01 6.095999999999999197e+00 5.999980479298300251e-01
9.000000000000000222e-01 6.095999999999999197e+00 8.000039041403408380e-01
9.000000000000000222e-01 6.095999999999999197e+00 9.000019520701706410e-01
9.000000000000000222e-01 6.095999999999999197e+00 1.000000000000000000e+00
9.000000000000000222e-01 7.619999999999999218e+00 5.000093285322488451e-02
9.000000000000000222e-01 7.619999999999999218e+00 2.000000000000001221e-01
9.000000000000000222e-01 7.620000000000000107e+00 2.999999999999999889e-01
9.000000000000000222e-01 7.619999999999999218e+00 3.999962685871005230e-01
9.000000000000000222e-01 7.619999999999999218e+00 6.000000000000003109e-01
9.000000000000000222e-01 7.619999999999999218e+00 7.999962685871004897e-01
9.000000000000000222e-01 7.619999999999999218e+00 9.000093285322491310e-01
9.000000000000000222e-01 7.619999999999999218e+00 1.000000000000000000e+00
9.000000000000000222e-01 9.144000000000000128e+00 5.000021822720937537e-02
9.000000000000000222e-01 9.144000000000000128e+00 2.000052374530265908e-01
9.000000000000000222e-01 9.144000000000000128e+00 2.999999999999999889e-01
9.000000000000000222e-01 9.144000000000000128e+00 3.999973812734865519e-01
9.000000000000000222e-01 9.144000000000000128e+00 5.999982541823243309e-01
9.000000000000000222e-01 9.144000000000000128e+00 7.999903980027843753e-01
9.000000000000000222e-01 9.144000000000000128e+00 9.000432089874694785e-01
9.000000000000000222e-01 9.144000000000000128e+00 1.000000000000000000e+00
9.000000000000000222e-01 1.066799999999999926e+01 5.000207520544548007e-02
9.000000000000000222e-01 1.066799999999999926e+01 2.000031128081680709e-01
9.000000000000000222e-01 1.066799999999999926e+01 2.999999999999999889e-01
9.000000000000000222e-01 1.066799999999999926e+01 3.999906615754955652e-01
9.000000000000000222e-01 1.066799999999999926e+01 5.999885863700505917e-01
9.000000000000000222e-01 1.066799999999999926e+01 7.999865111646051741e-01
9.000000000000000222e-01 1.066799999999999926e+01 8.999958495891090537e-01
9.000000000000000222e-01 1.066799999999999926e+01 1.000000000000000000e+00
9.000000000000000222e-01 1.188719999999999999e+01 4.999844763885875204e-02
9.000000000000000222e-01 1.188719999999999999e+01 2.000000000000000944e-01
9.000000000000000222e-01 1.188719999999999999e+01 2.999999999999999889e-01
9.000000000000000222e-01 1.188719999999999999e+01 3.999999999999999667e-01
9.000000000000000222e-01 1.188719999999999999e+01 6.000062094445651750e-01
9.000000000000000222e-01 1.188719999999999999e+01 8.000062094445652416e-01
9.000000000000000222e-01 1.188719999999999999e+01 9.000155236114126822e-01
9.000000000000000222e-01 1.188719999999999999e+01 1.000000000000000000e+00
9.000000000000000222e-01 1.310639999999999894e+01 5.000414066205426805e-02
9.000000000000000222e-01 1.310639999999999894e+01 2.000015056952925974e-01
9.000000000000000222e-01 1.310640000000000072e+01 2.999999999999999889e-01
9.000000000000000222e-01 1.310639999999999894e+01 3.999954829141225132e-01
9.000000000000000222e-01 1.310639999999999894e+01 6.000045170858772092e-01
9.000000000000000222e-01 1.310639999999999894e+01 8.000060227811695013e-01
9.000000000000000222e-01 1.310639999999999894e+01 8.999992471523535764e-01
9.000000000000000222e-01 1.310639999999999894e+01 1.000000000000000000e+00
