1.930528186660500069e+04 1.570918880395683309e-04
7.721979299993152381e+04 8.039392041366905583e-05
1.158307570730880252e+05 7.513479544024346071e-05
1.544409204663514975e+05 7.327990602517984932e-05
2.316620479327715002e+05 7.550303552158273059e-05
3.088813961105401977e+05 7.850426034172660337e-05
3.474919598437502282e+05 7.986592715827336899e-05
3.861025235769602004e+05 8.131096133093524520e-05
1.830576646673722644e+04 1.542851870503597026e-04
7.322306586694890575e+04 7.947687949640286646e-05
1.098345988004233222e+05 7.448349944748835637e-05
1.464461317338978115e+05 7.277970188848921290e-05
2.196678631343582238e+05 7.508619874100719120e-05
2.928918186456327676e+05 7.808742356115107753e-05
3.295073549785726354e+05 7.947687949640286646e-05
3.661153293347444851e+05 8.094970278776977954e-05
1.685475657160207265e+04 1.502557648381294794e-04
6.741769181991982623e+04 7.811521267985611439e-05
1.011274718564216746e+05 7.353170593111054863e-05
1.348367181063281314e+05 7.205718480215825446e-05
2.022548547484107548e+05 7.447483812949639377e-05
2.696743258569818572e+05 7.744827383093524323e-05
3.033820597115347628e+05 7.883772976618704572e-05
3.370915728547388571e+05 8.039392041366905583e-05
1.457103958765852258e+04 1.442255260791366835e-04
5.828415835063409031e+04 7.605881789568344075e-05
8.742783888573732111e+04 7.202238054342649163e-05
1.165705408120823122e+05 7.086225269784172357e-05
1.748555888070420478e+05 7.344664073741005695e-05
2.331406368020017981e+05 7.636449820143883268e-05
2.622809366886675707e+05 7.783732149280574576e-05
2.914261296191243455e+05 7.953245773381294019e-05
1.316807048610847596e+04 1.295806605215827311e-04
5.267094747794541763e+04 7.066772886690647908e-05
7.900668811021582223e+04 6.785059439362865936e-05
1.053423397780536761e+05 6.736082374100718726e-05
1.580132872559991083e+05 7.027868120503596300e-05
2.106846795561073523e+05 7.325211690647481246e-05
2.370203757061614888e+05 7.489167491007193316e-05
2.633556270340527408e+05 7.705922616906474070e-05
1.109875778464657378e+04 1.256623947841726554e-04
4.439503113858629513e+04 6.902817086330934482e-05
6.659254670787943178e+04 6.648199013561557620e-05
8.878961745500977850e+04 6.613810251798560595e-05
1.331846485935960663e+05 6.911153821942445541e-05
1.775801245543451805e+05 7.205718480215825446e-05
1.997767504793126718e+05 7.380789928057553617e-05
2.219751556929314975e+05 7.608660701438847761e-05
9.006314330717774283e+03 1.246341973920863321e-04
3.602525732287109713e+04 6.791660611510791097e-05
5.403775253765779780e+04 6.528362765535879002e-05
7.205051464574219426e+04 6.485980305755395092e-05
1.080766616129389440e+05 6.769429316546761606e-05
1.441005844693215622e+05 7.052878327338129476e-05
1.621136579529199225e+05 7.222391951438848919e-05
1.801258417921926593e+05 7.447483812949639377e-05
7.203005282625224027e+03 1.236059999999999817e-04
2.881068666401242081e+04 6.674946312949638983e-05
4.321602999601860938e+04 6.397058692319678320e-05
5.762137332802484161e+04 6.344255800359711157e-05
8.643294963636292960e+04 6.613810251798560595e-05
1.152427466560496832e+05 6.883364703237410034e-05
1.296483123991373141e+05 7.044541591726618418e-05
1.440534333200621186e+05 7.269633453237408875e-05
5.703064949579324093e+03 1.227167482014388292e-04
2.281225979831729637e+04 6.558232014388488225e-05
3.421825625082710030e+04 6.268358687444745901e-05
4.562451959663459274e+04 6.205310206834532263e-05
6.843677939495189639e+04 6.458191187050359584e-05
9.124903919326918549e+04 6.713851079136690591e-05
1.026565035589163163e+05 6.869470143884891602e-05
1.140608541694236774e+05 7.086225269784172357e-05
4.705773660525675041e+03 1.246064082733812817e-04
1.882220499777704754e+04 6.588800044964028774e-05
2.823344094331441738e+04 6.281032940440191140e-05
3.764440999555409508e+04 6.205310206834532263e-05
5.646661499333115353e+04 6.444296627697841152e-05
7.528926481327103102e+04 6.694398696043164787e-05
8.470036731215954933e+04 6.844459937050358426e-05
9.411146981104806764e+04 7.063993974820142866e-05
3.881963014973774989e+03 1.272463745503596888e-04
1.552785205989509996e+04 6.655493929856114534e-05
2.329164464319380932e+04 6.326543928229039161e-05
3.105525929762737360e+04 6.238657149280575143e-05
4.658355617968529259e+04 6.469306834532372974e-05
6.211140823958039982e+04 6.713851079136690591e-05
6.987533426952794252e+04 6.863912320143884230e-05
7.763881547731267347e+04 7.080667446043164984e-05
1.714744955474092421e+04 1.989700899280575145e-04
6.859202232977782842e+04 9.987409262589927331e-05
1.028876331547202135e+05 9.193859620044908998e-05
1.371835998373928305e+05 8.817487365107913350e-05
2.057756221671706298e+05 8.817487365107913350e-05
2.743658652082971530e+05 8.989779901079136479e-05
3.086589850291277398e+05 9.078705080935250374e-05
3.429587771824006923e+05 9.178745908273380370e-05
1.627381882695262357e+04 1.952741371402877608e-04
6.509438566348484164e+04 9.859579316546761827e-05
9.764131160192949756e+04 9.099892898251230663e-05
1.301883265048068570e+05 8.745235656474818862e-05
1.952804880574776034e+05 8.761909127697840979e-05
2.603770978317765985e+05 8.931422751798560422e-05
2.929242906635190011e+05 9.023126843525178004e-05
3.254710386730986065e+05 9.128725494604315372e-05
1.501007906236679992e+04 1.898830481115107720e-04
6.003987142730437336e+04 9.673392221223021622e-05
9.005967369430772669e+04 8.962511655269064532e-05
1.200792980324459058e+05 8.636858093525179162e-05
1.801196142819131201e+05 8.672983947841725728e-05
2.401594857092174934e+05 8.845276483812948857e-05
2.701791990117882960e+05 8.936980575539567795e-05
3.001989123143589823e+05 9.053694874100718553e-05
1.301327237344537571e+04 1.817964145683453024e-04
5.205308949378149555e+04 9.384385386690646379e-05
7.807963424067222513e+04 8.747492856705034166e-05
1.041061789875629911e+05 8.464565557553956033e-05
1.561588236591816822e+05 8.525701618705035776e-05
2.082128027972888376e+05 8.697994154676257550e-05
2.342402371885051834e+05 8.803592805755394918e-05
2.602654474689074850e+05 8.936980575539567795e-05
1.183093506465652536e+04 1.625663444244604167e-04
4.732374025862609415e+04 8.678541771582733101e-05
7.098561038793915941e+04 8.184936157493121866e-05
9.464703569508937653e+04 7.986592715827336899e-05
1.419712207758782897e+05 8.106085926258992699e-05
1.892967403231556818e+05 8.297830845323738921e-05
2.129563863416546083e+05 8.428439703237409467e-05
2.366187012931304926e+05 8.614626798561149672e-05
9.991150599212323868e+03 1.572586227517985249e-04
3.996460239684930275e+04 8.459007733812948660e-05
5.994717048857164627e+04 7.998575172157646655e-05
7.992964961586143181e+04 7.819858003597121143e-05
1.198942520127107127e+05 7.953245773381294019e-05
1.598655267420023738e+05 8.150548516187050324e-05
1.798416004301474895e+05 8.292273021582732904e-05
1.998239016285721736e+05 8.492354676258991541e-05
8.123787159672975577e+03 1.553689626798560996e-04
3.249470381652907599e+04 8.314504316546762394e-05
4.874285640468671045e+04 7.853023371123738340e-05
6.499029727738379734e+04 7.669796762589927504e-05
9.748544591607569600e+04 7.789289973021581949e-05
1.299814841990932327e+05 7.975477068345322154e-05
1.462281688741135586e+05 8.114422661870502403e-05
1.624761880156223488e+05 8.311725404676257353e-05
6.496182865896300427e+03 1.537016155575539420e-04
2.598473146358520171e+04 8.161664163669063714e-05
3.897709719537779165e+04 7.696187210827106753e-05
5.196812846068193176e+04 7.505840962230215434e-05
7.795374956859277154e+04 7.608660701438847761e-05
1.039380362100151542e+05 7.786511061151078262e-05
1.169312915861333749e+05 7.917119919064747452e-05
1.299236573179259722e+05 8.111643749999998716e-05
5.143478668745475261e+03 1.522843705035971298e-04
2.057346985281907473e+04 8.014381834532372407e-05
3.086033822587745090e+04 7.538313694845574244e-05
4.114693970563814219e+04 7.339106249999999677e-05
6.171996473629440152e+04 7.428031429856113573e-05
8.229432423343912524e+04 7.594766142086329329e-05
9.258128157093007758e+04 7.719817176258991147e-05
1.028677940862582036e+05 7.908783183453237749e-05
4.243603433350499472e+03 1.543129761690647259e-04
1.697396891123917158e+04 8.042170953237409269e-05
2.546095336685875736e+04 7.547177209558392902e-05
3.394793782247835043e+04 7.336327338129495991e-05
5.092190673371752928e+04 7.414136870503596497e-05
6.789543082279387454e+04 7.569755935251797508e-05
7.638263768949487712e+04 7.694806969424459325e-05
8.486984455619586515e+04 7.883772976618704572e-05
3.500305599269924642e+03 1.572030445143884783e-04
1.400255686356817750e+04 8.117201573741007444e-05
2.100410218864994022e+04 7.601708800504005086e-05
2.800555854929917041e+04 7.378011016187049930e-05
4.200811541286735155e+04 7.444704901079137046e-05
5.601111709859835537e+04 7.594766142086329329e-05
6.301217311930102733e+04 7.714259352517985129e-05
7.001367396216651832e+04 7.903225359712229021e-05
1.542020509649145060e+04 2.430714213129496200e-04
6.168037556380297610e+04 1.198266798561151039e-04
9.252109713229980844e+04 1.090930543351260326e-04
1.233611959497687931e+05 1.033477324640287727e-04
1.850424611578974000e+05 1.010968138489208546e-04
2.467228367217003542e+05 1.016248071043165415e-04
2.775632469146832591e+05 1.021528003597122148e-04
3.084036571076661348e+05 1.028753174460431461e-04
1.463020093531425300e+04 2.385140058453237100e-04
5.852169338558265008e+04 1.182149109712230065e-04
8.778240663172511267e+04 1.079017024235092055e-04
1.170433867711653002e+05 1.024029024280575465e-04
1.755641905124222685e+05 1.003187185251798360e-04
2.340858838980049768e+05 1.009022900179855966e-04
2.633485098794475780e+05 1.014580723920863203e-04
2.926080221057503950e+05 1.022083785971223020e-04
1.352170410555435046e+04 2.315667261690647382e-04
5.408770606654305448e+04 1.158528358812949545e-04
8.113155909981459263e+04 1.060693274155680637e-04
1.081754121330860944e+05 1.009300791366906470e-04
1.622631181996291270e+05 9.917936465827336529e-05
2.163499346218465362e+05 9.979072526978414917e-05
2.433946772994437197e+05 1.004020858812949602e-04
2.704385303327152506e+05 1.012635485611510758e-04
1.175931869644170183e+04 2.211735957733812767e-04
4.703727478576680733e+04 1.122124613309352339e-04
7.055564528535251156e+04 1.032035941283196971e-04
9.407410474937077379e+04 9.856800404676258141e-05
1.411113795351375593e+05 9.726191546762588951e-05
1.881482094987415185e+05 9.798443255395683439e-05
2.116695158246018982e+05 9.870694964028776572e-05
2.351854842845083622e+05 9.976293615107912586e-05
1.076425151820217616e+04 1.968581169064748213e-04
4.305656125064587104e+04 1.032365759892086253e-04
6.458457498267113260e+04 9.602362148091380875e-05
8.611312250129174208e+04 9.248218705035969817e-05
1.291692389297748014e+05 9.203756115107912192e-05
1.722262450025834842e+05 9.314912589928056933e-05
1.937551928611506301e+05 9.420511241007194301e-05
2.152819166089037317e+05 9.578909217625898999e-05
9.108178606004701578e+03 1.900219937050359428e-04
3.643315924618162535e+04 1.004298749999999835e-04
5.464933852932587615e+04 9.372407450087797299e-05
7.286587367020042439e+04 9.045358138489207494e-05
1.092990329163820570e+05 9.014790107913668300e-05
1.457370852063547354e+05 9.137062230215826431e-05
1.639467700859217730e+05 9.256555440647480876e-05
1.821644617644196260e+05 9.431626888489207691e-05
7.450326405155922657e+03 1.868262450539568255e-04
2.980041597629804528e+04 9.845684757194243396e-05
4.470075741109592491e+04 9.191074716977320157e-05
5.960083195259609056e+04 8.867507778776976993e-05
8.940213757321980665e+04 8.825824100719423053e-05
1.192021087273550365e+05 8.945317311151078853e-05
1.341027615376668982e+05 9.064810521582733298e-05
1.490025247036530636e+05 9.237103057553955072e-05
5.957058404552399224e+03 1.846031155575539307e-04
2.382689915172112524e+04 9.662276573741006877e-05
3.574034872758168785e+04 9.000548279152575492e-05
4.765379830344225047e+04 8.672983947841725728e-05
7.148069745516336116e+04 8.625742446043164417e-05
9.530804142904731270e+04 8.731341097122300430e-05
1.072212685938264767e+05 8.845276483812948857e-05
1.191344957586056262e+05 9.012011196043163259e-05
4.715559748107826636e+03 1.826022990107913579e-04
1.886223899243130290e+04 9.481647302158272689e-05
2.829349193529580589e+04 8.815222775306688640e-05
3.772447798486259853e+04 8.481239028776978151e-05
5.658671697729389416e+04 8.420102967625898408e-05
7.544940079188800883e+04 8.517364883093524717e-05
8.488007546594084124e+04 8.622963534172662086e-05
9.431163978431932628e+04 8.786919334532372801e-05
3.890414636067449464e+03 1.846309046762589811e-04
1.556165854426979968e+04 9.512215332733811883e-05
2.334222092310700464e+04 8.825829550572189661e-05
3.112287226637677304e+04 8.478460116906473109e-05
4.668453081064657454e+04 8.403429496402876290e-05
6.224885828789333027e+04 8.492354676258991541e-05
7.002657380488843773e+04 8.592395503597120181e-05
7.780740307702336577e+04 8.759130215827337293e-05
3.209391904782374695e+03 1.877432859712230013e-04
1.283712279696667247e+04 9.592803776978416075e-05
1.925581764209885660e+04 8.882103481558500783e-05
2.567469041609617125e+04 8.520143794964027048e-05
3.851181321306284372e+04 8.433997526978416839e-05
5.135116012084364775e+04 8.517364883093524717e-05
5.776727499743145017e+04 8.614626798561149672e-05
6.418605880699619593e+04 8.778582598920863097e-05
1.398832255435777734e+04 2.972046245503596400e-04
5.595151092877978954e+04 1.422802877697841573e-04
8.392699949987199216e+04 1.278769459475319684e-04
1.119030218575595791e+05 1.196321560251798459e-04
1.678531983198508970e+05 1.147968493705035943e-04
2.238051540707935346e+05 1.141299105215827232e-04
2.517817991795091075e+05 1.142966452338129444e-04
2.797566649995733751e+05 1.147134820143884838e-04
1.326815547274409619e+04 2.915912225719423834e-04
5.307084260232509405e+04 1.403350494604316311e-04
7.960666424343416293e+04 1.263448052348649473e-04
1.061416852046502026e+05 1.183816456834532277e-04
1.592125278069752676e+05 1.138242302158273312e-04
2.122838152314632025e+05 1.132406587230215707e-04
2.388201261769514240e+05 1.134351825539568287e-04
2.653555474781139637e+05 1.139075975719424283e-04
1.227753651613282636e+04 2.826987045863309125e-04
4.910792195371715934e+04 1.373060355215827079e-04
7.366255016382002214e+04 1.240036270763193087e-04
9.821673355175998586e+04 1.164919856115107888e-04
1.473251003276399861e+05 1.123514069244604182e-04
1.964307981705430429e+05 1.119067810251798419e-04
2.209889849579484726e+05 1.121568830935251737e-04
2.455418338794000156e+05 1.127404545863309207e-04
1.071799001326837424e+04 2.690820364208633105e-04
4.287151523091067065e+04 1.325263071043165301e-04
6.430794007961025636e+04 1.202797932761848985e-04
8.574347528398418217e+04 1.134629716726618520e-04
1.286149905148948601e+05 1.099615427158273293e-04
1.714865057458055089e+05 1.097114406474819975e-04
1.929242650609935517e+05 1.101004883093525000e-04
2.143598002653674921e+05 1.108785836330935186e-04
9.898182767181902818e+03 2.378470669964028524e-04
3.959362071305324935e+04 1.211049793165467589e-04
5.939043106957987766e+04 1.111946864194090037e-04
7.918724142610648414e+04 1.058487531474820091e-04
1.187813069613225671e+05 1.036256236510791278e-04
1.583740380300501711e+05 1.039868821942445935e-04
1.781717380309024302e+05 1.047927666366906354e-04
1.979681035652662395e+05 1.061266443345323642e-04
8.395128678996225062e+03 2.290379163669064514e-04
3.357918024949641404e+04 1.175201830035971120e-04
5.036837003429808101e+04 1.082509267623398593e-04
6.715836049899285717e+04 1.032921542266186855e-04
1.007362062820007850e+05 1.013747050359712232e-04
1.343162761758228589e+05 1.019026982913669101e-04
1.511047542451640184e+05 1.028475283273381092e-04
1.678945667809936276e+05 1.043759298561150960e-04
6.939225740070000029e+03 2.234523035071942453e-04
2.775734778244282643e+04 1.147134820143884838e-04
4.163602167366425419e+04 1.058365047502538491e-04
5.551425074272281927e+04 1.010690247302158178e-04
8.327204334732847929e+04 9.920715377697840215e-05
1.110302807740969438e+05 9.981851438848919958e-05
1.249047288547715434e+05 1.007911335431654627e-04
1.387867389122141467e+05 1.023473241906474728e-04
5.547377192590576669e+03 2.205622351618704657e-04
2.218906394819946945e+04 1.125737198741007131e-04
3.328372936894802842e+04 1.036724394582785842e-04
4.437812789639893890e+04 9.887368435251797335e-05
6.656719184459843382e+04 9.692844604316546071e-05
8.875670061496073322e+04 9.742865017985611069e-05
9.984967571149056312e+04 9.834569109712228651e-05
1.109457645631601918e+05 9.984630350719423644e-05
4.390839569245576058e+03 2.178944797661870353e-04
1.756291345481947428e+04 1.104339577338129288e-04
2.634410328893151382e+04 1.015067478506442996e-04
3.512538208747612953e+04 9.667834397482012894e-05
5.268829554229559290e+04 9.464973830935250571e-05
7.025120899711507082e+04 9.501099685251797138e-05
7.903244331344339298e+04 9.590024865107913744e-05
8.781367762977171515e+04 9.728970458633092637e-05
3.622186871883975527e+03 2.199786636690647052e-04
1.448785784321024948e+04 1.107118489208632975e-04
2.173165331816652542e+04 1.015676153211011583e-04
2.897571568642049897e+04 9.659497661870503191e-05
4.346312870746792032e+04 9.442742535971222436e-05
5.795187619500382425e+04 9.473310566546761630e-05
6.519580511660894990e+04 9.556677922661869508e-05
7.243884439388843020e+04 9.695623516187048402e-05
2.987425645532699491e+03 2.233411470323740707e-04
1.195059222645645059e+04 1.116011007194244500e-04
1.792615523298236076e+04 1.022256879396657686e-04
2.390162927507572385e+04 9.709518075539566833e-05
3.585222150153217081e+04 9.476089478417265316e-05
4.780370337231426674e+04 9.498320773381293452e-05
5.377899948554250295e+04 9.581688129496401330e-05
5.975385077660789830e+04 9.717854811151077892e-05
1.285269157266555521e+04 3.608417063848920231e-04
5.141210075715067796e+04 1.664290319244604186e-04
7.711761734913063992e+04 1.477652139108896041e-04
1.028233118699756888e+05 1.366668857913669007e-04
1.542354126271263231e+05 1.289970890287769705e-04
2.056475133842770010e+05 1.270796398381294676e-04
2.313524517074453470e+05 1.268851160071942231e-04
2.570587244971020264e+05 1.269684833633093202e-04
1.220236157061538688e+04 3.535887464028776594e-04
4.881344968192704255e+04 1.639558003597122056e-04
7.321870660975322244e+04 1.458392332810721777e-04
9.762467525303992443e+04 1.351106951438848906e-04
1.464376801128041116e+05 1.278021569244603989e-04
1.952502401504055015e+05 1.259958642086330977e-04
2.196562977581247396e+05 1.258569186151078999e-04
2.440623553658440069e+05 1.260236533273381210e-04
1.127757629410223672e+04 3.427509901079136352e-04
4.510986035424608417e+04 1.603154258093524985e-04
6.766439019142255711e+04 1.429959585958152295e-04
9.021927588632931293e+04 1.328041982913668987e-04
1.353291362405753753e+05 1.260236533273381210e-04
1.804381069504957704e+05 1.244118844424460372e-04
2.029937043608631066e+05 1.243285170863309402e-04
2.255479673047418764e+05 1.246064082733812817e-04
9.893734545553652424e+03 3.243823826438848516e-04
3.957582782654024777e+04 1.541184523381294814e-04
5.936347484651271225e+04 1.382057384955858326e-04
7.915121083091768378e+04 1.289415107913668968e-04
1.187265938352950907e+05 1.230502176258992716e-04
1.583024216618353676e+05 1.218274964028776903e-04
1.780898907529426215e+05 1.218552855215827271e-04
1.978782494883756153e+05 1.223832787769784140e-04
9.244739009991979401e+03 2.833100651978416964e-04
3.698073532861920830e+04 1.396403214928057231e-04
5.547123643957766035e+04 1.268103615951049739e-04
7.396147065723840205e+04 1.195487886690647488e-04
1.109426508080204221e+05 1.155193664568345257e-04
1.479229413144767750e+05 1.151303187949640231e-04
1.664141986231120245e+05 1.157138902877697702e-04
1.849041214652588533e+05 1.167698767985611438e-04
7.862231727931874957e+03 2.718331591726618379e-04
3.144937173389031523e+04 1.352774298561150847e-04
4.717392415418660676e+04 1.231805605406144366e-04
6.289874346778065228e+04 1.164086182553956646e-04
9.434767037950815575e+04 1.128794001798561050e-04
1.257983765798869572e+05 1.127682437050359576e-04
1.415215055692622263e+05 1.134629716726618520e-04
1.572464138472887571e+05 1.147412711330935071e-04
6.603385007137124376e+03 2.621069676258992883e-04
2.641442967287414285e+04 1.313591641187050361e-04
3.962111072271582088e+04 1.199083832803711638e-04
5.282796970142264036e+04 1.135463390287769762e-04
7.924284419645964226e+04 1.103783794964028687e-04
1.056568290471709333e+05 1.104339577338129288e-04
1.188649335279336665e+05 1.112676312949640076e-04
1.320703690757194418e+05 1.126848763489208605e-04
5.277814961918620611e+03 2.586055386690647249e-04
2.111081502551167068e+04 1.288581434352517726e-04
3.166582219832098417e+04 1.174682326033354177e-04
4.222118522886051505e+04 1.111008965827338000e-04
6.333155543220936670e+04 1.078217805755395586e-04
8.444326010204668273e+04 1.077939914568345217e-04
9.499800038155828952e+04 1.085998758992805637e-04
1.055527406610699109e+05 1.099059644784172556e-04
4.176435286763927252e+03 2.552708444244604098e-04
1.670618596921852441e+04 1.263293336330935130e-04
2.505874516723239140e+04 1.149671630766051699e-04
3.341148229411140346e+04 1.085998758992805637e-04
5.011766826332991332e+04 1.052651816546762621e-04
6.682340941038561868e+04 1.051540251798561146e-04
7.517627998391346773e+04 1.058765422661870460e-04
8.352915055744131678e+04 1.070992634892086273e-04
3.445147651079624666e+03 2.575773412769784016e-04
1.378014578215567235e+04 1.265794357014388312e-04
2.067008522658466245e+04 1.149898069641032660e-04
2.756029156431134470e+04 1.084887194244604298e-04
4.134043734646702796e+04 1.050428687050359672e-04
5.512058312862269668e+04 1.048205557553956723e-04
6.201043360861912515e+04 1.055152837230215667e-04
6.890028408861554635e+04 1.067102158273381247e-04
2.841523976126100479e+03 2.613010831834532057e-04
1.136698554883005272e+04 1.275520548561151078e-04
1.705007798329853904e+04 1.156933369142794935e-04
2.273352627549727549e+04 1.090167126798561030e-04
3.410051182432731730e+04 1.054041272482014328e-04
4.546705255099453643e+04 1.050984469424460273e-04
5.115010050324675831e+04 1.057653857913668985e-04
5.683359327766177012e+04 1.069603178956834430e-04
1.189587910042895419e+04 4.435421236510791250e-04
4.758307157955306320e+04 1.949684568345323417e-04
7.137434047603190993e+04 1.708197473764882851e-04
9.516569833694331464e+04 1.560636906474820076e-04
1.427487699164963851e+05 1.447813084532373936e-04
1.903322863182122528e+05 1.412243012589927836e-04
2.141222652304189396e+05 1.405573624100719260e-04
2.379144682534397289e+05 1.402238929856115107e-04
1.130871384549995491e+04 4.338159321043164669e-04
4.523396573767424707e+04 1.918004973021582749e-04
6.785108205316022213e+04 1.684037029404210611e-04
9.046793147534849413e+04 1.541184523381294814e-04
1.357014523908599513e+05 1.432529069244604068e-04
1.809363077728598146e+05 1.399460017985611421e-04
2.035572940411623567e+05 1.393346411870503311e-04
2.261702735105340835e+05 1.390845391187050129e-04
1.046488620262094264e+04 4.196434815647481819e-04
4.185821034399534983e+04 1.871319253597122174e-04
6.278784930258840177e+04 1.648117948982386538e-04
8.371686551015348232e+04 1.512283839928057561e-04
1.255755206763116585e+05 1.410297774280575391e-04
1.674346206646326173e+05 1.380563417266186896e-04
1.883630586033860163e+05 1.375283484712230028e-04
2.092928310086279525e+05 1.374171919964028554e-04
9.195808572081237799e+03 3.958282068345323900e-04
3.678278946616206667e+04 1.793509721223021398e-04
5.517431764589194063e+04 1.588007913672985797e-04
7.356557893232416245e+04 1.464208664568345279e-04
1.103488132206490554e+05 1.374449811151079058e-04
1.471311578646482667e+05 1.349717495503596927e-04
1.655263335861133528e+05 1.345549127697841533e-04
1.839143921529731597e+05 1.347216474820143745e-04
8.736307277882999188e+03 3.401388129496402514e-04
3.494478428936917771e+04 1.611768884892086006e-04
5.241744332735147327e+04 1.443540099444199829e-04
6.989001340090118174e+04 1.345827018884892038e-04
1.048356873345959903e+05 1.284135175359712099e-04
1.397800268018023635e+05 1.271074289568345180e-04
1.572517517132426728e+05 1.273575310251798362e-04
1.747248110911714903e+05 1.280244698741006939e-04
7.456109093272652899e+03 3.248825867805754880e-04
2.982354672876494078e+04 1.557302212230215652e-04
4.473545353979627544e+04 1.399528472997751732e-04
5.964709345752990339e+04 1.308589599820143726e-04
8.947064018629484053e+04 1.253289253597122130e-04
1.192950765593854594e+05 1.243563062050359635e-04
1.342064051016051089e+05 1.247453538669064796e-04
1.491181784659875848e+05 1.257179730215827291e-04
6.302240402904596522e+03 3.112103403776977852e-04
2.520807196729274801e+04 1.507281798561150926e-04
3.781197450429029413e+04 1.358090494663500159e-04
5.041614393458549603e+04 1.273019527877697625e-04
7.562377107971542864e+04 1.223832787769784140e-04
1.008358464464736026e+05 1.216885508093525060e-04
1.134358790306545561e+05 1.222165440647481928e-04
1.260399150143009319e+05 1.233836870503597139e-04
5.118568627627269962e+03 3.033738089028776338e-04
2.047516415483475066e+04 1.469766488309352380e-04
3.071207899900788834e+04 1.324848757736703676e-04
4.094943866534384142e+04 1.242173606115107927e-04
6.142326835369012406e+04 1.194376321942446014e-04
8.189887733068768284e+04 1.187984824640287671e-04
9.213601458594224823e+04 1.194098430755395645e-04
1.023735966633596108e+05 1.205214078237409848e-04
4.050105792521624608e+03 2.991498628597121933e-04
1.619953352576084581e+04 1.440587913669064623e-04
2.429943373529012024e+04 1.296453369034928250e-04
3.239995669584735151e+04 1.214106596223021509e-04
4.859904539944537100e+04 1.166031420863309227e-04
6.479902374736905040e+04 1.158806249999999778e-04
7.289834568808664335e+04 1.164086182553956646e-04
8.099811245096706261e+04 1.174646047661870383e-04
3.340614442815754046e+03 3.014285705935251347e-04
1.336112330477452815e+04 1.442533151978417068e-04
2.004181840381063739e+04 1.296377530276412386e-04
2.672224660954905630e+04 1.212717140287769666e-04
4.008381473648639076e+04 1.163252508992805676e-04
5.344493804126092436e+04 1.154915773381294888e-04
6.012572210472960433e+04 1.159917814748201252e-04
6.680606134603543615e+04 1.170199788669064621e-04
2.755228476538048199e+03 3.053746254496402337e-04
1.102091390615220189e+04 1.452537234712230339e-04
1.653137085922829283e+04 1.303431254610146737e-04
2.204182781230440378e+04 1.217997072841726534e-04
3.306318654061941925e+04 1.167142985611510566e-04
4.408410044677161932e+04 1.157972576438848808e-04
4.959411257768490032e+04 1.162696726618704939e-04
5.510456953076100035e+04 1.172700809352517803e-04
1.112678158090455508e+04 5.445555701438848555e-04
4.450668150145537220e+04 2.273427801258992706e-04
6.676002225218310195e+04 1.965264099840354720e-04
8.901336300291074440e+04 1.774613120503596873e-04
1.335195996822033194e+05 1.621217185251798540e-04
1.780271708279843442e+05 1.563971600719424229e-04
2.002811788119562261e+05 1.550632823741007076e-04
2.225334075072768610e+05 1.542573979316546793e-04
1.059343980767737412e+04 5.315224734712229327e-04
4.237331440854667744e+04 2.233967252697841444e-04
6.356010505946886406e+04 1.935024487053830079e-04
8.474662881709335488e+04 1.750158696043165247e-04
1.271199432256400032e+05 1.602042693345323511e-04
1.694945921006752178e+05 1.548409694244604127e-04
1.906819165381927451e+05 1.536182482014388179e-04
2.118670168648962281e+05 1.528957311151079137e-04
9.825676754641430307e+03 5.124591380395683224e-04
3.930315184072854026e+04 2.176165885791366667e-04
5.895499465439048799e+04 1.890532741769120572e-04
7.860763814794550126e+04 1.714032841726618680e-04
1.179107899886740488e+05 1.573697792266186995e-04
1.572090487856114923e+05 1.525622616906474713e-04
1.768661849830111023e+05 1.514784860611510743e-04
1.965166488479682594e+05 1.508949145683453137e-04
8.631329247456305893e+03 4.821967877697841409e-04
3.452353770117388194e+04 2.083072338129496293e-04
5.178530655176083383e+04 1.818239486915516510e-04
6.904663058018495212e+04 1.655675692446042895e-04
1.035701682813588704e+05 1.529513093525179603e-04
1.380954852711840649e+05 1.488940980215827409e-04
1.553563644774453714e+05 1.479770571043165380e-04
1.726176885058695043e+05 1.476991659172661694e-04
8.354205040016318890e+03 4.061379698741006731e-04
3.341593051573963749e+04 1.851033196942445942e-04
5.012349543366291618e+04 1.636398817505843682e-04
6.683141620931647776e+04 1.508949145683453137e-04
1.002469019028932962e+05 1.420579748201438624e-04
1.336628324186329264e+05 1.395847432553956493e-04
1.503712424986655824e+05 1.394735867805755290e-04
1.670783181122097594e+05 1.397236888489208472e-04
7.181653818809624681e+03 3.851571852517985057e-04
2.872661527523849873e+04 1.780726726618704983e-04
4.308992291285772808e+04 1.580124117409503802e-04
5.745323055047699745e+04 1.462263426258992563e-04
8.617940100355267350e+04 1.383898111510791320e-04
1.149064611009539949e+05 1.363889946043165321e-04
1.292697687385732715e+05 1.364445728417266058e-04
1.436330763761925045e+05 1.369725660971222927e-04
6.096732563679443047e+03 3.668719451438848733e-04
2.438737507688062396e+04 1.717089644784172600e-04
3.658132950861863355e+04 1.528108256755317121e-04
4.877563979808688600e+04 1.418356618705035675e-04
7.316345969713033992e+04 1.348883821942445957e-04
9.755038995184813393e+04 1.333321915467625856e-04
1.097442999013698718e+05 1.334989262589927797e-04
1.219377650287287543e+05 1.343048107014388351e-04
5.081203565949971562e+03 3.506430998201438332e-04
2.032481426379990080e+04 1.657620930755395610e-04
3.048668760910443234e+04 1.479216158495259663e-04
4.064873888327414898e+04 1.376395049460431503e-04
6.097310832491121982e+04 1.313591641187050361e-04
8.129836741087393602e+04 1.301364428956834412e-04
9.146210900926234899e+04 1.304977014388489069e-04
1.016222920303481951e+05 1.313591641187050361e-04
4.019857885449528112e+03 3.453631672661869648e-04
1.607809707530961532e+04 1.623996097122301955e-04
2.411674527301788476e+04 1.447329858007588229e-04
3.215574932845641524e+04 1.345271236510791029e-04
4.823340158160321880e+04 1.282189937050359654e-04
6.431149865691285959e+04 1.269129051258992735e-04
7.235210407213753206e+04 1.272185854316546655e-04
8.038915091005963041e+04 1.279966807553956705e-04
3.314814757371894757e+03 3.476140858812949101e-04
1.326014867381324984e+04 1.625385553057553663e-04
1.989008956407102960e+04 1.446439222052121421e-04
2.651985252546368065e+04 1.343048107014388351e-04
3.978000119927692867e+04 1.278855242805755231e-04
5.304014987309018034e+04 1.264682792266186837e-04
5.967022420999680617e+04 1.267461704136690524e-04
6.630029854690343200e+04 1.274964766187050070e-04
2.734321834885270164e+03 3.516712972122302107e-04
1.093728733954109703e+04 1.635667526978417166e-04
1.640606445596050253e+04 1.453836516488725178e-04
2.187457467908219405e+04 1.348605930755395453e-04
3.281230684078612103e+04 1.282745719424460392e-04
4.375003900249004073e+04 1.267739595323740757e-04
4.921868267226059106e+04 1.270240616007194210e-04
5.468688151986831508e+04 1.277465786870503523e-04
1.048579284427373750e+04 6.629927940647481433e-04
4.194317137709495000e+04 2.643023080035970785e-04
6.291489051229117467e+04 2.250979449647566208e-04
8.388545310986413097e+04 2.007763826438848699e-04
1.258286244869590882e+05 1.808237954136690257e-04
1.677726855083796836e+05 1.725426380395683388e-04
1.887456056634154520e+05 1.704584541366906147e-04
2.097163017076372635e+05 1.690689982014388529e-04
1.005387052417063569e+04 6.429846285971222526e-04
4.021592691884539818e+04 2.586889060251798219e-04
6.032442416486350703e+04 2.208101873246439914e-04
8.043452277066776878e+04 1.973583210431654577e-04
1.206491152230247390e+05 1.782949856115107661e-04
1.608650421418702172e+05 1.705973997302158126e-04
1.809732280123743403e+05 1.686799505395683368e-04
2.010814138828783762e+05 1.673738619604316178e-04
9.348382573930193757e+03 6.179466326438848387e-04
3.739041654058101267e+04 2.513803678057553574e-04
5.608535791757384868e+04 2.152462662430008368e-04
7.478083308116202534e+04 1.929120620503596952e-04
1.121708047995802481e+05 1.749047131294963772e-04
1.495616661623241089e+05 1.678740660971222813e-04
1.682562071993703721e+05 1.661233516187050267e-04
1.869511930585794908e+05 1.649839977517985560e-04
8.242554677147249095e+03 5.786806079136689847e-04
3.296977388642614824e+04 2.397645161870503281e-04
4.945439393634157750e+04 2.062700069869745725e-04
6.593910295068951382e+04 1.856868911870503548e-04
9.890843201495283574e+04 1.694580458633093418e-04
1.318773162570533750e+05 1.634833853417266196e-04
1.483637600778363703e+05 1.619827729316546561e-04
1.648479797878052341e+05 1.611768884892086006e-04
8.077970476901999973e+03 4.806405971223021308e-04
3.231099226328232908e+04 2.105581524280575475e-04
4.846622150162583421e+04 1.839154054544893358e-04
6.462153970440186822e+04 1.679296443345323550e-04
9.693208714552137826e+04 1.563137927158273258e-04
1.292435242309665628e+05 1.524788943345323472e-04
1.453981307182821038e+05 1.518119554856114896e-04
1.615540716720861092e+05 1.516452207733812684e-04
7.013066219098943293e+03 4.512397095323740243e-04
2.805359934288425939e+04 2.013599541366906305e-04
4.208039901432639454e+04 1.767492447762551982e-04
5.610719868576855515e+04 1.621217185251798540e-04
8.416035320648999186e+04 1.518675337230215633e-04
1.122152870158627193e+05 1.486995741906474693e-04
1.262418642762234522e+05 1.482827374100719299e-04
1.402679967144213442e+05 1.483383156474820037e-04
5.983747734321887037e+03 4.272854892086330888e-04
2.393543575945042903e+04 1.934956335431654558e-04
3.590328708582447871e+04 1.704715029217345325e-04
4.786998187457519089e+04 1.569251533273381097e-04
7.180541763402562356e+04 1.477825332733812935e-04
9.574174303780168702e+04 1.451147778776978360e-04
1.077123522615852562e+05 1.448646758093524907e-04
1.196776236194149387e+05 1.452537234712230339e-04
5.050510836715039659e+03 4.037481056654675842e-04
2.020204334686019138e+04 1.856035238309352577e-04
3.030239778704607306e+04 1.641836870311354701e-04
4.040319704939476651e+04 1.517007990107913692e-04
6.060524039625495789e+04 1.436141654676258996e-04
8.080683892095233023e+04 1.414744033273381018e-04
9.090963988303369842e+04 1.414188250899280552e-04
1.010079926234868763e+05 1.420579748201438624e-04
4.079019233105249896e+03 3.911596348920863054e-04
1.631652175458381862e+04 1.802680130395683427e-04
2.447478263187572156e+04 1.595716335166471895e-04
3.263259868700483275e+04 1.475602203237409986e-04
4.894956526375148678e+04 1.398904235611510413e-04
6.526608701833530358e+04 1.378618178956834452e-04
7.342412548454580246e+04 1.379451852517985422e-04
8.158260877291910583e+04 1.385287567446043028e-04
3.364190017445471767e+03 3.931326623201438549e-04
1.345764971410754697e+04 1.803235912769784164e-04
2.018647457116132136e+04 1.594702373029126610e-04
2.691440978388944131e+04 1.473379073741007037e-04
4.037339396448548359e+04 1.395013758992805523e-04
5.383015403426735429e+04 1.373616137589928087e-04
6.055942371348398592e+04 1.374171919964028554e-04
6.728824857053773303e+04 1.379729743705035926e-04
2.774800651702354571e+03 3.971620845323740510e-04
1.109920260680940191e+04 1.814351560251798367e-04
1.664827012361869129e+04 1.602306061071476283e-04
2.219751556929315120e+04 1.478936897482014139e-04
3.329627335393972317e+04 1.399182126798560917e-04
4.439547596074912144e+04 1.376950831834532240e-04
4.994463244199099427e+04 1.376950831834532240e-04
5.549423374539569340e+04 1.382508655575539341e-04
1.018420341787837424e+04 7.287418489208631655e-04
4.073770331583920051e+04 2.845605755395683146e-04
6.110708876035411959e+04 2.405198834049856300e-04
8.147629627600396634e+04 2.131981187050359546e-04
1.222144444140058913e+05 1.906889325539568275e-04
1.629521477298451064e+05 1.809905301258992469e-04
1.833196649212761258e+05 1.784617203237409873e-04
2.036902958678470750e+05 1.767110058453237327e-04
9.840800708177486740e+03 7.018697711330935084e-04
3.936186836622146075e+04 2.771964590827338034e-04
5.904320288927862566e+04 2.350348738656749036e-04
7.872418155460564594e+04 2.089463835431654636e-04
1.180864947429899621e+05 1.876599186151079043e-04
1.574496975756997708e+05 1.786840332733812822e-04
1.771290748812406964e+05 1.763497473021582670e-04
1.968106762975955498e+05 1.747379784172661832e-04
9.158888332566750250e+03 6.733859244604315777e-04
3.663733261891833536e+04 2.690820364208633105e-04
5.495573203507977450e+04 2.288052152875772100e-04
7.327422041567375709e+04 2.039721312949640143e-04
1.099119978567548824e+05 1.839639658273381235e-04
1.465488856535103696e+05 1.757105975719424327e-04
1.648666623186438810e+05 1.735986245503597124e-04
1.831857734502657840e+05 1.721535903776978498e-04
8.090425497461112172e+03 6.286176542266186688e-04
3.236259163417008676e+04 2.560489397482013877e-04
4.854362055795738706e+04 2.189194223005346386e-04
6.472473844617725990e+04 1.961078107014388395e-04
9.708510596953314962e+04 1.780170944244603975e-04
1.294494768923545198e+05 1.709308691546762278e-04
1.456312175316023931e+05 1.690967873201438762e-04
1.618120685265246138e+05 1.679574334532374055e-04
7.969878691335511576e+03 5.183504312050358663e-04
3.187951476534211179e+04 2.236190382194244394e-04
4.781940559466198465e+04 1.943426898936681166e-04
6.375858470852137543e+04 1.766832167266187094e-04
9.563898911818908527e+04 1.635667526978417166e-04
1.275202831721825351e+05 1.589815481115107833e-04
1.434582612662023166e+05 1.580922963129496037e-04
1.593980186488733452e+05 1.576754595323740914e-04
6.949901471977806068e+03 4.845866519784172298e-04
2.779827142142270532e+04 2.132814860611510516e-04
4.169754057878294407e+04 1.863587905668968522e-04
5.559654284284543974e+04 1.702639303057553973e-04
8.339614873075667128e+04 1.587036569244604418e-04
1.111935305078537058e+05 1.548965476618704865e-04
1.250928886296464916e+05 1.542573979316546793e-04
1.389918019292764075e+05 1.540906632194244310e-04
5.957503226715237361e+03 4.568253223920862847e-04
2.382823361820961145e+04 2.043333898381294528e-04
3.574261732061210932e+04 1.793439706797022193e-04
4.765691205858201283e+04 1.645393718525179662e-04
7.148470085462879797e+04 1.542573979316546793e-04
9.531337929500119935e+04 1.510338601618704845e-04
1.072319443257342500e+05 1.505892342625899218e-04
1.191420577353736589e+05 1.507837580935251663e-04
5.041169571295721653e+03 4.307313399280574971e-04
2.016289899653159591e+04 1.957187630395683235e-04
3.024488228139279090e+04 1.725528818656424379e-04
4.032668763738884445e+04 1.589259698741006825e-04
6.049003145608325576e+04 1.497555607014388430e-04
8.065248563045205083e+04 1.471433835431654321e-04
9.073437995088068419e+04 1.468932814748201139e-04
1.008162742713093030e+05 1.474212747302158007e-04
4.143963268877709197e+03 4.116957936151078830e-04
1.657496343118515142e+04 1.887436942446043013e-04
2.486217825348001861e+04 1.668164539081738479e-04
3.314948204020746925e+04 1.540072958633093340e-04
4.972400064922980528e+04 1.456149820143884724e-04
6.629940890257776482e+04 1.433084851618705077e-04
7.458644579600752331e+04 1.433084851618705077e-04
8.287392751160010812e+04 1.438642675359712178e-04
3.417123854821652913e+03 4.136132428057553317e-04
1.366849541928661165e+04 1.887714833633093246e-04
2.050247623563220986e+04 1.666352768850061538e-04
2.733610119424755612e+04 1.537016155575539420e-04
4.100459661353415140e+04 1.451981452338129330e-04
5.467309203282075032e+04 1.427804919064748208e-04
6.150645009813838260e+04 1.427527027877697704e-04
6.834158745210734196e+04 1.432806960431654301e-04
2.817948401496375027e+03 4.176426650179855277e-04
1.127312807247397177e+04 1.898552589928057487e-04
1.690969210871095856e+04 1.673947037994603785e-04
2.254625614494795809e+04 1.542573979316546793e-04
3.381938421742191713e+04 1.455871928956834491e-04
4.509251228989590163e+04 1.431139613309352361e-04
5.072840909288865078e+04 1.430305939748201390e-04
5.636564036236987158e+04 1.435307981115107755e-04
9.911527432066635811e+03 7.956580467625898713e-04
3.964433043961527437e+04 3.054302036870503345e-04
5.946716289266717649e+04 2.564033898455165368e-04
7.928999534571902768e+04 2.259811133093525049e-04
1.189334361410086713e+05 2.008319608812949436e-04
1.585791010471124901e+05 1.897441025179855741e-04
1.784012662669201382e+05 1.866039321043165306e-04
1.982238763088906708e+05 1.844919590827338103e-04
9.629065358672762159e+03 7.624222607913668133e-04
3.851581661252825870e+04 2.964265292266186620e-04
5.777559317187625129e+04 2.497732463458628800e-04
7.703474698019628704e+04 2.209234937050359585e-04
1.155514532370503148e+05 1.973027428057553569e-04
1.540668250274157326e+05 1.869096124100719225e-04
1.733280694999009429e+05 1.841862787769783913e-04
1.925853105729209492e+05 1.822688295863309155e-04
8.996973065298476286e+03 7.289641618705035688e-04
3.598700261686813610e+04 2.869504397482014035e-04
5.398063737195108115e+04 2.425609826975682931e-04
7.197445005589912762e+04 2.152267243705035778e-04
1.079614526727672637e+05 1.931621641187050405e-04
1.439484552896354580e+05 1.836304964028776811e-04
1.619419565980694315e+05 1.811294757194244448e-04
1.799354579065035796e+05 1.794065503597121864e-04
7.961871892404713435e+03 6.788881699640287410e-04
3.184882203610714714e+04 2.725556762589927693e-04
4.777296616086301947e+04 2.317282311248989788e-04
6.369719925005157711e+04 2.066676758093524951e-04
9.554602128615866241e+04 1.867150885791366780e-04
1.273912847449632536e+05 1.784339312050359640e-04
1.433190319292380300e+05 1.762941690647481662e-04
1.592432205362101668e+05 1.748769240107913539e-04
7.877355681467931390e+03 5.567549932553955911e-04
3.150986754803454460e+04 2.369022369604316532e-04
4.726386719550985435e+04 2.049256618969047788e-04
6.301795580741774756e+04 1.855479455935251569e-04
9.452737853328947676e+04 1.709030800359712045e-04
1.260350219705098571e+05 1.655953583633093399e-04
1.417910677999341278e+05 1.644282153776978187e-04
1.575462239850328478e+05 1.637890656474820115e-04
6.900971034067056280e+03 5.181281182553956798e-04
2.760388413626819238e+04 2.252308071043165232e-04
4.140569275775344431e+04 1.960411132419312289e-04
5.520865791686205193e+04 1.784895094424460106e-04
8.281076276447897544e+04 1.655953583633093399e-04
1.104155365450728277e+05 1.611213102517985269e-04
1.242161441467184632e+05 1.602598475719424248e-04
1.380189758591781720e+05 1.599263781474820096e-04
5.949941249947225515e+03 4.858371623201438480e-04
2.380065464411444191e+04 2.151155678956834304e-04
3.569964749968321121e+04 1.882008486730461121e-04
4.759952999957760767e+04 1.721535903776978498e-04
7.139929499936637876e+04 1.607322625899280379e-04
9.519905999915518623e+04 1.569807315647481834e-04
1.070984976768867928e+05 1.563693709532373995e-04
1.189988249989440228e+05 1.563415818345323491e-04
5.048286725900915371e+03 4.567975332733812343e-04
2.019270208144087519e+04 2.056116892985611214e-04
3.028838588891707332e+04 1.808190097266087917e-04
4.038451451855611231e+04 1.661233516187050267e-04
6.057632695567131304e+04 1.559247450539568368e-04
8.076813939278651378e+04 1.528123637589928166e-04
9.086515766675119812e+04 1.524511052158273238e-04
1.009612862963902444e+05 1.528123637589928166e-04
4.229813946302931072e+03 4.303145031474819577e-04
1.692059025170016321e+04 1.966913821942445730e-04
2.538115227084795333e+04 1.737886515120170487e-04
3.384073568123750738e+04 1.603154258093524985e-04
5.076221557726336323e+04 1.512561731115107794e-04
6.768369547328916087e+04 1.487273633093524926e-04
7.614198889940655499e+04 1.486439959532373956e-04
8.460384090282650141e+04 1.491997783273381329e-04
3.488295400873652852e+03 4.321485849820143094e-04
1.395229195916895878e+04 1.967469604316546467e-04
2.092910517199766036e+04 1.735806949334051206e-04
2.790547356266355564e+04 1.599541672661870329e-04
4.185821034399531345e+04 1.507837580935251663e-04
5.581139194748993032e+04 1.481715809352517825e-04
6.278709310491158249e+04 1.480882135791366854e-04
6.976368390665887273e+04 1.485884177158273219e-04
2.876664926989278229e+03 4.361502180755395092e-04
1.150843899660840179e+04 1.978029469424460204e-04
1.726252504826374934e+04 1.743216429944360565e-04
2.301687799321680359e+04 1.605099496402877430e-04
3.452531698982519447e+04 1.512005948741007057e-04
4.603598009724773874e+04 1.484772612410071744e-04
5.178797548473778443e+04 1.483661047661870541e-04
5.754175016087916447e+04 1.488663089028776634e-04
9.660202910070511280e+03 8.645194829136690221e-04
3.863858752946798631e+04 3.267444577338128901e-04
5.795908231404158141e+04 2.726278451924989458e-04
7.728028881407572771e+04 2.390419991007193968e-04
1.159184315213809314e+05 2.112250912769784051e-04
1.545574638730116421e+05 1.988033552158273204e-04
1.738774248709899548e+05 1.949684568345323417e-04
1.931969410468052665e+05 1.924952252697841558e-04
9.389751035072962623e+03 8.277266897482013540e-04
3.755900414029166132e+04 3.169071097122301930e-04
5.633877310373522050e+04 2.653738885737246997e-04
7.511845310274623625e+04 2.335119644784172644e-04
1.126770124208751076e+05 2.073901928956834264e-04
1.502364613833296171e+05 1.957187630395683235e-04
1.690124048761728045e+05 1.923007014388488842e-04
1.877959103457841265e+05 1.900497828237409661e-04
8.858188550497023243e+03 7.846535557553955447e-04
3.543186455766258587e+04 3.049577886690646943e-04
5.314779683649384242e+04 2.564554112439929577e-04
7.086372911532511353e+04 2.266202630395683121e-04
1.062947040286619886e+05 2.024993080035971012e-04
1.417265685863245162e+05 1.916893408273381003e-04
1.594425008651558310e+05 1.888270616007193983e-04
1.771593227883127984e+05 1.867984559352517751e-04
7.854224929001076816e+03 7.290753183453236620e-04
3.141467560518998653e+04 2.891179910071941975e-04
4.712214685443384224e+04 2.445630239299969775e-04
6.282935121037990757e+04 2.172553300359712281e-04
9.424447163773274224e+04 1.954964500899280286e-04
1.256591472429226706e+05 1.860759388489208437e-04
1.413680419230875268e+05 1.836027072841726307e-04
1.570738228481127298e+05 1.819631492805755236e-04
7.795063581345306375e+03 5.954374464928057116e-04
3.117980950321837372e+04 2.502965921762589333e-04
4.676984770147642848e+04 2.156520675662104540e-04
6.235961900643674744e+04 1.945516200539568023e-04
9.353853886532947945e+04 1.783227747302158165e-04
1.247192380128734949e+05 1.722925359712229934e-04
1.403080307090756251e+05 1.708752909172661812e-04
1.558994923382547277e+05 1.700416173561151024e-04
6.864050794552600564e+03 5.518085301258992192e-04
2.745753764469879388e+04 2.371523390287769715e-04
4.118523889385737129e+04 2.057461748956828209e-04
5.491374082290906517e+04 1.867706668165467518e-04
8.237038882328219188e+04 1.725704271582733621e-04
1.098288161123066238e+05 1.674572293165467419e-04
1.235560280570861214e+05 1.663734536870503449e-04
1.372841296461912571e+05 1.658732495503596814e-04
5.955279115901113073e+03 5.150157369604315511e-04
2.382156128576720585e+04 2.257588003597122100e-04
3.573274226859737246e+04 1.970232086939086719e-04
4.764401221586007887e+04 1.797955980215827296e-04
7.146646314595297736e+04 1.672627054856114974e-04
9.528935889820865123e+04 1.629553920863309328e-04
1.071981378413595958e+05 1.622050858812949510e-04
1.191091408953245700e+05 1.620105620503596794e-04
5.068303723228055787e+03 4.829193048561150723e-04
2.027232524858655597e+04 2.153934590827337990e-04
3.040862131952869458e+04 1.889922562105727458e-04
4.054509531933593098e+04 1.732651551258992701e-04
6.081697574575963517e+04 1.621217185251798540e-04
8.108930099434619478e+04 1.585369222122301935e-04
9.122724290729075437e+04 1.580367180755395571e-04
1.013620710650956025e+05 1.582590310251798520e-04
4.255168809583943585e+03 4.543520908273380988e-04
1.702112006049862248e+04 2.057784240107913697e-04
2.553168009074792644e+04 1.814902041207643165e-04
3.404179529883441137e+04 1.670959707733812763e-04
5.106380500365869375e+04 1.571474662769784046e-04
6.808448024199448992e+04 1.542573979316546793e-04
7.659526268332522886e+04 1.540072958633093340e-04
8.510560030249312695e+04 1.545074999999999975e-04
3.553239436646096692e+03 4.519066483812949632e-04
1.421340256874722036e+04 2.046946483812949456e-04
2.132010385312084327e+04 1.805458905314069715e-04
2.842680513749444071e+04 1.662622972122302246e-04
4.264065252840449830e+04 1.564527383093524966e-04
5.685405509715173685e+04 1.535904590827337946e-04
6.396053397044392477e+04 1.534237243705036005e-04
7.106701284373612725e+04 1.539239285071942098e-04
2.930933230853915120e+03 4.558804923561150585e-04
1.172328810125287418e+04 2.057784240107913697e-04
1.758519904517700706e+04 1.813029665710865900e-04
2.344702102466856741e+04 1.668180795863309076e-04
3.517030912592145614e+04 1.568417859712230127e-04
4.689226276068584411e+04 1.538961393884891865e-04
5.275590851104499598e+04 1.537294046762589924e-04
5.861733015059002355e+04 1.542018196942445784e-04
9.425336808098898473e+03 9.347981641187049851e-04
3.770045758807008679e+04 3.486978615107913342e-04
5.655028604215853557e+04 2.893153224302103563e-04
7.540091517614011536e+04 2.524919325539567777e-04
1.131004831198844913e+05 2.220072693345323555e-04
1.508009407079545199e+05 2.081960773381294819e-04
1.696507246798267297e+05 2.038609748201438668e-04
1.885009534738618240e+05 2.007485935251798466e-04
9.166895131497547482e+03 8.944483637589927070e-04
3.666713570382753096e+04 3.377767378597122130e-04
5.500070355574134010e+04 2.813243466407451391e-04
7.333516105198083096e+04 2.464339046762589855e-04
1.100009622893199412e+05 2.178111124100719383e-04
1.466676531709845585e+05 2.048335939748201163e-04
1.650014434339799336e+05 2.007763826438848699e-04
1.833356785191378731e+05 1.981086272482014124e-04
8.739865855185547844e+03 8.404541061151078307e-04
3.495990824290523597e+04 3.229929267086330898e-04
5.244012925765548425e+04 2.704783029549997315e-04
6.992026130797325459e+04 2.381805364208632676e-04
1.048806143730413460e+05 2.120309757194244334e-04
1.398400777937836538e+05 2.001372329136690356e-04
1.573211439706433157e+05 1.966913821942445730e-04
1.748004308588517015e+05 1.943848853417266083e-04
7.763036385621886438e+03 7.798460382194243165e-04
3.105125589816191132e+04 3.056247275179856332e-04
4.657635006064752815e+04 2.575312695959791924e-04
6.210206697416109819e+04 2.280652972122302019e-04
9.315243322799737507e+04 2.045001245503597011e-04
1.242041339483221964e+05 1.938846812050359447e-04
1.397293170752402802e+05 1.911057693345323398e-04
1.552545002021584078e+05 1.891605310251798407e-04
7.719443813665023299e+03 6.359539815647481838e-04
3.087733043249737239e+04 2.637187365107913450e-04
4.631652943534143560e+04 2.265097885981740488e-04
6.175466086499474477e+04 2.038053965827338202e-04
9.263288094181775523e+04 1.861315170863308904e-04
1.235102113743151276e+05 1.791564482913668953e-04
1.389513231124593585e+05 1.774613120503596873e-04
1.543884314511381381e+05 1.764331146582733640e-04
6.836026998294612895e+03 5.864059829136689887e-04
2.734455281534123787e+04 2.491294491906474663e-04
4.101696266966064286e+04 2.156320827251752867e-04
5.468999527500811382e+04 1.952463480215827104e-04
8.203365844602370635e+04 1.796288633093524813e-04
1.093791009056905168e+05 1.739043048561151044e-04
1.230511549022797408e+05 1.726260053956834358e-04
1.367232088988689065e+05 1.719312774280575549e-04
5.960616981854999722e+03 5.448890395683452436e-04
2.384202310525717985e+04 2.364298219424460130e-04
3.576303465788575704e+04 2.060124135423543239e-04
4.768360138835151156e+04 1.876321294964028539e-04
7.152606931577154319e+04 1.739043048561151044e-04
9.536764759886583488e+04 1.690967873201438762e-04
1.072902160290643515e+05 1.681519572841726499e-04
1.192101155262858374e+05 1.678184878597122076e-04
5.095882697323193497e+03 5.088743417266186619e-04
2.038397561145562577e+04 2.250362832733812516e-04
3.057516273729034583e+04 1.972352582479009332e-04
4.076661675642275804e+04 1.805459042266187113e-04
6.115014754571556841e+04 1.684020593525179682e-04
8.153278869068270433e+04 1.644004262589927954e-04
9.172989195128304709e+04 1.637334874100719107e-04
1.019172091243011819e+05 1.638446438848920853e-04
4.287196005307362611e+03 4.777227396582733551e-04
1.714833919906658411e+04 2.146987311151078910e-04
2.572210845865332885e+04 1.891946388148945150e-04
3.429534393164464564e+04 1.739598830935251510e-04
5.144323830854843254e+04 1.631221267985611268e-04
6.859113268545217579e+04 1.598430107913669125e-04
7.716596951822968549e+04 1.594817522482014198e-04
8.574036152884441253e+04 1.599263781474820096e-04
3.581708055066902944e+03 4.747493039568344785e-04
1.432727704243043081e+04 2.135315881294963698e-04
2.149091556364563075e+04 1.881722624564203259e-04
2.865455408486084707e+04 1.730428421762589752e-04
4.298227594945409510e+04 1.623440314748201489e-04
5.730955299188452773e+04 1.591760719424460278e-04
6.447385874634395441e+04 1.588426025179855855e-04
7.163638521215211949e+04 1.593150175359712257e-04
2.954508805483653305e+03 4.787509370503596783e-04
1.181714557760895877e+04 2.145875746402877435e-04
1.772558491976458026e+04 1.889378879702995550e-04
2.363384633305506577e+04 1.736264136690647357e-04
3.545143673282684176e+04 1.627608682553956612e-04
4.726858231043579144e+04 1.594817522482014198e-04
5.317671027707744361e+04 1.591482828237409774e-04
5.908528306588192936e+04 1.595929087230215672e-04
